0.000000000000000000e+00
1.249920000000000000e+05
2.499840000000000000e+05
3.749760000000000000e+05
4.999680000000000000e+05
6.249600000000000000e+05
7.499520000000000000e+05
8.749440000000000000e+05
9.999360000000000000e+05
1.124928000000000000e+06
1.249920000000000000e+06
1.374912000000000000e+06
1.499904000000000000e+06
1.624896000000000000e+06
1.749888000000000000e+06
1.874880000000000000e+06
1.999872000000000000e+06
2.124864000000000000e+06
2.249856000000000000e+06
2.374848000000000000e+06
2.499840000000000000e+06
2.624832000000000000e+06
2.749824000000000000e+06
2.874816000000000000e+06
2.999808000000000000e+06
3.124800000000000000e+06
3.249792000000000000e+06
3.374784000000000000e+06
3.499776000000000000e+06
3.624768000000000000e+06
3.749760000000000000e+06
3.874752000000000000e+06
3.999744000000000000e+06
4.124736000000000000e+06
4.249728000000000000e+06
4.374720000000000000e+06
4.499712000000000000e+06
4.624704000000000000e+06
4.749696000000000000e+06
4.874688000000000000e+06
4.999680000000000000e+06
5.124672000000000000e+06
5.249664000000000000e+06
5.374656000000000000e+06
5.499648000000000000e+06
5.624640000000000000e+06
5.749632000000000000e+06
5.874624000000000000e+06
5.999616000000000000e+06
6.124608000000000000e+06
6.249600000000000000e+06
6.374592000000000000e+06
6.499584000000000000e+06
6.624576000000000000e+06
6.749568000000000000e+06
6.874560000000000000e+06
6.999552000000000000e+06
7.124544000000000000e+06
7.249536000000000000e+06
7.374528000000000000e+06
7.499520000000000000e+06
7.624512000000000000e+06
7.749504000000000000e+06
7.874496000000000000e+06
7.999488000000000000e+06
8.124480000000000000e+06
8.249472000000000000e+06
8.374464000000000000e+06
8.499456000000000000e+06
8.624448000000000000e+06
8.749440000000000000e+06
8.874432000000000000e+06
8.999424000000000000e+06
9.124416000000000000e+06
9.249408000000000000e+06
9.374400000000000000e+06
9.499392000000000000e+06
9.624384000000000000e+06
9.749376000000000000e+06
9.874368000000000000e+06
9.999360000000000000e+06
1.012435200000000000e+07
1.024934400000000000e+07
1.037433600000000000e+07
1.049932800000000000e+07
1.062432000000000000e+07
1.074931200000000000e+07
1.087430400000000000e+07
1.099929600000000000e+07
1.112428800000000000e+07
1.124928000000000000e+07
1.137427200000000000e+07
1.149926400000000000e+07
1.162425600000000000e+07
1.174924800000000000e+07
1.187424000000000000e+07
1.199923200000000000e+07
1.212422400000000000e+07
1.224921600000000000e+07
1.237420800000000000e+07
1.249920000000000000e+07
1.262419200000000000e+07
1.274918400000000000e+07
1.287417600000000000e+07
1.299916800000000000e+07
1.312416000000000000e+07
1.324915200000000000e+07
1.337414400000000000e+07
1.349913600000000000e+07
1.362412800000000000e+07
1.374912000000000000e+07
1.387411200000000000e+07
1.399910400000000000e+07
1.412409600000000000e+07
1.424908800000000000e+07
1.437408000000000000e+07
1.449907200000000000e+07
1.462406400000000000e+07
1.474905600000000000e+07
1.487404800000000000e+07
1.499904000000000000e+07
1.512403200000000000e+07
1.524902400000000000e+07
1.537401600000000000e+07
1.549900800000000000e+07
1.562400000000000000e+07
1.574899200000000000e+07
1.587398400000000000e+07
1.599897600000000000e+07
1.612396800000000000e+07
1.624896000000000000e+07
1.637395200000000000e+07
1.649894400000000000e+07
1.662393600000000000e+07
1.674892800000000000e+07
1.687392000000000000e+07
1.699891200000000000e+07
1.712390400000000000e+07
1.724889600000000000e+07
1.737388800000000000e+07
1.749888000000000000e+07
1.762387200000000000e+07
1.774886400000000000e+07
1.787385600000000000e+07
1.799884800000000000e+07
1.812384000000000000e+07
1.824883200000000000e+07
1.837382400000000000e+07
1.849881600000000000e+07
1.862380800000000000e+07
1.874880000000000000e+07
1.887379200000000000e+07
1.899878400000000000e+07
1.912377600000000000e+07
1.924876800000000000e+07
1.937376000000000000e+07
1.949875200000000000e+07
1.962374400000000000e+07
1.974873600000000000e+07
1.987372800000000000e+07
1.999872000000000000e+07
2.012371200000000000e+07
2.024870400000000000e+07
2.037369600000000000e+07
2.049868800000000000e+07
2.062368000000000000e+07
2.074867200000000000e+07
2.087366400000000000e+07
2.099865600000000000e+07
2.112364800000000000e+07
2.124864000000000000e+07
2.137363200000000000e+07
2.149862400000000000e+07
2.162361600000000000e+07
2.174860800000000000e+07
2.187360000000000000e+07
2.199859200000000000e+07
2.212358400000000000e+07
2.224857600000000000e+07
2.237356800000000000e+07
2.249856000000000000e+07
2.262355200000000000e+07
2.274854400000000000e+07
2.287353600000000000e+07
2.299852800000000000e+07
2.312352000000000000e+07
2.324851200000000000e+07
2.337350400000000000e+07
2.349849600000000000e+07
2.362348800000000000e+07
2.374848000000000000e+07
2.387347200000000000e+07
2.399846400000000000e+07
2.412345600000000000e+07
2.424844800000000000e+07
2.437344000000000000e+07
2.449843200000000000e+07
2.462342400000000000e+07
2.474841600000000000e+07
2.487340800000000000e+07
2.499840000000000000e+07
2.512339200000000000e+07
2.524838400000000000e+07
2.537337600000000000e+07
2.549836800000000000e+07
2.562336000000000000e+07
2.574835200000000000e+07
2.587334400000000000e+07
2.599833600000000000e+07
2.612332800000000000e+07
2.624832000000000000e+07
2.637331200000000000e+07
2.649830400000000000e+07
2.662329600000000000e+07
2.674828800000000000e+07
2.687328000000000000e+07
2.699827200000000000e+07
2.712326400000000000e+07
2.724825600000000000e+07
2.737324800000000000e+07
2.749824000000000000e+07
2.762323200000000000e+07
2.774822400000000000e+07
2.787321600000000000e+07
2.799820800000000000e+07
2.812320000000000000e+07
2.824819200000000000e+07
2.837318400000000000e+07
2.849817600000000000e+07
2.862316800000000000e+07
2.874816000000000000e+07
2.887315200000000000e+07
2.899814400000000000e+07
2.912313600000000000e+07
2.924812800000000000e+07
2.937312000000000000e+07
2.949811200000000000e+07
2.962310400000000000e+07
2.974809600000000000e+07
2.987308800000000000e+07
2.999808000000000000e+07
3.012307200000000000e+07
3.024806400000000000e+07
3.037305600000000000e+07
3.049804800000000000e+07
3.062304000000000000e+07
3.074803200000000000e+07
3.087302400000000000e+07
3.099801600000000000e+07
3.112300800000000000e+07
3.124800000000000000e+07
3.137299200000000000e+07
3.149798400000000000e+07
3.162297600000000000e+07
3.174796800000000000e+07
3.187296000000000000e+07
3.199795200000000000e+07
3.212294400000000000e+07
3.224793600000000000e+07
3.237292800000000000e+07
3.249792000000000000e+07
3.262291200000000000e+07
3.274790400000000000e+07
3.287289600000000000e+07
3.299788800000000000e+07
3.312288000000000000e+07
3.324787200000000000e+07
3.337286400000000000e+07
3.349785600000000000e+07
3.362284800000000000e+07
3.374784000000000000e+07
3.387283200000000000e+07
3.399782400000000000e+07
3.412281600000000000e+07
3.424780800000000000e+07
3.437280000000000000e+07
3.449779200000000000e+07
3.462278400000000000e+07
3.474777600000000000e+07
3.487276800000000000e+07
3.499776000000000000e+07
3.512275200000000000e+07
3.524774400000000000e+07
3.537273600000000000e+07
3.549772800000000000e+07
3.562272000000000000e+07
3.574771200000000000e+07
3.587270400000000000e+07
3.599769600000000000e+07
3.612268800000000000e+07
3.624768000000000000e+07
3.637267200000000000e+07
3.649766400000000000e+07
3.662265600000000000e+07
3.674764800000000000e+07
3.687264000000000000e+07
3.699763200000000000e+07
3.712262400000000000e+07
3.724761600000000000e+07
3.737260800000000000e+07
3.749760000000000000e+07
3.762259200000000000e+07
3.774758400000000000e+07
3.787257600000000000e+07
3.799756800000000000e+07
3.812256000000000000e+07
3.824755200000000000e+07
3.837254400000000000e+07
3.849753600000000000e+07
3.862252800000000000e+07
3.874752000000000000e+07
3.887251200000000000e+07
3.899750400000000000e+07
3.912249600000000000e+07
3.924748800000000000e+07
3.937248000000000000e+07
3.949747200000000000e+07
3.962246400000000000e+07
3.974745600000000000e+07
3.987244800000000000e+07
3.999744000000000000e+07
4.012243200000000000e+07
4.024742400000000000e+07
4.037241600000000000e+07
4.049740800000000000e+07
4.062240000000000000e+07
4.074739200000000000e+07
4.087238400000000000e+07
4.099737600000000000e+07
4.112236800000000000e+07
4.124736000000000000e+07
4.137235200000000000e+07
4.149734400000000000e+07
4.162233600000000000e+07
4.174732800000000000e+07
4.187232000000000000e+07
4.199731200000000000e+07
4.212230400000000000e+07
4.224729600000000000e+07
4.237228800000000000e+07
4.249728000000000000e+07
4.262227200000000000e+07
4.274726400000000000e+07
4.287225600000000000e+07
4.299724800000000000e+07
4.312224000000000000e+07
4.324723200000000000e+07
4.337222400000000000e+07
4.349721600000000000e+07
4.362220800000000000e+07
4.374720000000000000e+07
4.387219200000000000e+07
4.399718400000000000e+07
4.412217600000000000e+07
4.424716800000000000e+07
4.437216000000000000e+07
4.449715200000000000e+07
4.462214400000000000e+07
4.474713600000000000e+07
4.487212800000000000e+07
4.499712000000000000e+07
4.512211200000000000e+07
4.524710400000000000e+07
4.537209600000000000e+07
4.549708800000000000e+07
4.562208000000000000e+07
4.574707200000000000e+07
4.587206400000000000e+07
4.599705600000000000e+07
4.612204800000000000e+07
4.624704000000000000e+07
4.637203200000000000e+07
4.649702400000000000e+07
4.662201600000000000e+07
4.674700800000000000e+07
4.687200000000000000e+07
4.699699200000000000e+07
4.712198400000000000e+07
4.724697600000000000e+07
4.737196800000000000e+07
4.749696000000000000e+07
4.762195200000000000e+07
4.774694400000000000e+07
4.787193600000000000e+07
4.799692800000000000e+07
4.812192000000000000e+07
4.824691200000000000e+07
4.837190400000000000e+07
4.849689600000000000e+07
4.862188800000000000e+07
4.874688000000000000e+07
4.887187200000000000e+07
4.899686400000000000e+07
4.912185600000000000e+07
4.924684800000000000e+07
4.937184000000000000e+07
4.949683200000000000e+07
4.962182400000000000e+07
4.974681600000000000e+07
4.987180800000000000e+07
4.999680000000000000e+07
