8.744087794052774143e+00
7.977076643363263386e+00
7.411076366329218956e+00
6.952415190983284532e+00
6.558561925960671779e+00
6.208692903265373708e+00
5.891333089515646826e+00
5.599561056026449712e+00
5.328928630526291954e+00
5.076432572702207047e+00
4.839951251164570145e+00
4.617914042339921643e+00
4.409099591081495184e+00
4.212510717840306285e+00
4.027296830961313745e+00
3.852706255778134192e+00
3.688057370034006688e+00
3.532721404214804295e+00
3.386112324745166546e+00
3.247680898783553261e+00
3.116911140232180522e+00
2.993318047816848626e+00
2.876445996901475510e+00
2.765867426163010734e+00
2.661181629155432216e+00
2.562013559821479713e+00
2.468012616818423766e+00
2.378851401208843086e+00
2.294224456387046196e+00
2.213847004703822119e+00
2.137453696130755532e+00
2.064797382839933970e+00
1.995647931124752805e+00
1.929791079398749165e+00
1.867027348465848835e+00
1.807171008030765247e+00
1.750049101569030263e+00
1.695500530196940581e+00
1.643375195037032110e+00
1.593533196717912048e+00
1.545844090029347306e+00
1.500186191329140328e+00
1.456445936027446653e+00
1.414517283322567653e+00
1.374301165301869965e+00
1.335704977529388326e+00
1.298642108299330467e+00
1.263031503827924062e+00
1.228797266773194785e+00
1.195868285604833492e+00
1.164177892487386234e+00
1.133663547484963452e+00
1.104266547040190005e+00
1.075931754822244901e+00
1.048607353176025825e+00
1.022244613535878255e+00
9.967976842919119562e-01
9.722233947143771315e-01
9.484810736514902585e-01
9.255323818187978224e-01
9.033411565934591492e-01
8.818732683152376017e-01
8.610964871775931284e-01
8.409803598675978931e-01
8.214960951827520175e-01
8.026164579164761781e-01
7.843156703626154025e-01
7.665693208429876782e-01
7.493542787112360548e-01
7.326486153313297445e-01
7.164315305703984338e-01
7.006832843833402658e-01
6.853851331012873471e-01
6.705192700676582129e-01
6.560687702945090516e-01
6.420175388383807524e-01
6.283502626191496132e-01
6.150523654275211749e-01
6.021099658871985616e-01
5.895098381563032008e-01
5.772393751697136866e-01
5.652865542395465459e-01
5.536399048453454208e-01
5.422884784586295970e-01
5.312218202584667592e-01
5.204299426057851230e-01
5.099033001542169208e-01
4.996327664845986449e-01
4.896096121587269479e-01
4.798254840958623979e-01
4.702723861826256235e-01
4.609426610335833341e-01
4.518289728259132221e-01
4.429242911371226721e-01
4.342218757199922119e-01
4.257152621536525738e-01
4.173982483140956101e-01
4.092648816114629606e-01
4.013094469451984891e-01
3.935264553315724334e-01
3.859106331613006424e-01
3.784569120478806226e-01
3.711604192300225757e-01
3.640164684940449535e-01
3.570205515844264155e-01
3.501683300728827830e-01
3.434556276583011214e-01
3.368784228717340290e-01
3.304328421623616285e-01
3.241151533419168174e-01
3.179217593665430441e-01
3.118491924364358847e-01
3.058941083948638062e-01
3.000532814093836431e-01
2.943235989191128055e-01
2.887020568330164738e-01
2.831857549650264594e-01
2.777718926927809640e-01
2.724577648275409714e-01
2.672407576836279275e-01
2.621183453364498983e-01
2.570880860588386496e-01
2.521476189260471457e-01
2.472946605803438280e-01
2.425270021466754411e-01
2.378425062913900323e-01
2.332391044164607852e-01
2.287147939821344567e-01
2.242676359512993933e-01
2.198957523492911514e-01
2.155973239331985258e-01
2.113705879650744635e-01
2.072138360837835203e-01
2.031254122705150600e-01
1.991037109032532948e-01
1.951471748957905872e-01
1.912542939170883693e-01
1.874236026870352845e-01
1.836536793448676486e-01
1.799431438867213906e-01
1.762906566689751431e-01
1.726949169742199031e-01
1.691546616368790890e-01
1.656686637256374883e-01
1.622357312800035700e-01
1.588547060984670800e-01
1.555244625758515076e-01
1.522439065875705877e-01
1.490119744186427786e-01
1.458276317354009199e-01
1.426898725979630633e-01
1.395977185116141772e-01
1.365502175153434639e-01
1.335464433058854983e-01
1.305854943956720193e-01
1.276664933032047866e-01
1.247885857744168714e-01
1.219509400336653560e-01
1.191527460630721347e-01
1.163932149089804691e-01
1.136715780143608967e-01
1.109870865760627101e-01
1.083390109258389744e-01
1.057266399341596497e-01
1.031492804358277171e-01
1.006062566765130173e-01
9.809690977930729527e-02
9.562059723048743631e-02
9.317669238369108431e-02
9.076458398174558351e-02
8.838367569543359448e-02
8.603338567851481766e-02
8.371314613833169549e-02
8.142240292138935853e-02
7.916061511330907408e-02
7.692725465257199691e-02
7.472180595752386800e-02
7.254376556611163984e-02
7.039264178785242798e-02
6.826795436756272206e-02
6.616923416039233175e-02
6.409602281772130983e-02
6.204787248351129048e-02
6.002434550070889774e-02
5.802501412732086195e-02
5.604946026178603269e-02
5.409727517731799384e-02
5.216805926485335032e-02
5.026142178430947904e-02
4.837698062383022357e-02
4.651436206672776574e-02
4.467320056584589416e-02
4.285313852506100751e-02
4.105382608766927621e-02
3.927492093141449203e-02
3.751608806990769374e-02
3.577699966021563593e-02
3.405733481639816596e-02
3.235677942878378843e-02
3.067502598877225317e-02
2.901177341898952822e-02
2.736672690858155121e-02
2.573959775349077272e-02
2.413010320152686461e-02
2.253796630208071416e-02
2.096291576030273607e-02
1.940468579561349660e-02
1.786301600438477966e-02
1.633765122665609137e-02
1.482834141674604922e-02
1.333484151763553172e-02
1.185691133898458816e-02
1.039431543867685992e-02
8.946823007759840962e-03
7.514207758674729121e-03
6.096247816678390663e-03
4.692725614328985273e-03
3.303427788962309819e-03
1.928145083038734775e-03
5.666722472875695971e-04
-7.811920534589456011e-04
-2.115645331815407815e-03
-3.436881366863153708e-03
-4.745090290725895166e-03
-6.040458672771920057e-03
-7.323169601521573036e-03
-8.593402764328517129e-03
-9.851334524910160262e-03
-1.109713799878708773e-02
-1.233098312670100061e-02
-1.355303674607333253e-02
-1.476346266055983403e-02
-1.596242170776884794e-02
-1.715007182518923923e-02
-1.832656811438615474e-02
-1.949206290352178961e-02
-2.064670580824279345e-02
-2.179064379099104887e-02
-2.292402121877901156e-02
-2.404697991947846170e-02
-2.515965923667018433e-02
-2.626219608308477671e-02
-2.735472499269420155e-02
-2.843737817147384828e-02
-2.951028554689183458e-02
-3.057357481615086137e-02
-3.162737149322003560e-02
-3.267179895469896067e-02
-3.370697848453685364e-02
-3.473302931765209767e-02
-3.575006868246710656e-02
-3.675821184240801731e-02
-3.775757213638386567e-02
-3.874826101827943958e-02
-3.973038809549167549e-02
-4.070406116653380035e-02
-4.166938625772875771e-02
-4.262646765903144175e-02
-4.357540795898351416e-02
-4.451630807884388030e-02
-4.544926730590193031e-02
-4.637438332601262481e-02
-4.729175225535275917e-02
-4.820146867144237124e-02
-4.910362564343617731e-02
-4.999831476170790712e-02
-5.088562616675063044e-02
-5.176564857740717507e-02
-5.263846931844973209e-02
-5.350417434752530177e-02
-5.436284828148818526e-02
-5.521457442212762690e-02
-5.605943478131292235e-02
-5.689751010556864941e-02
-5.772887990009811787e-02
-5.855362245226070073e-02
-5.937181485453113527e-02
-6.018353302694134932e-02
-6.098885173902102164e-02
-6.178784463125930326e-02
-6.258058423608636733e-02
-6.336714199839310613e-02
-6.414758829560507358e-02
-6.492199245731289370e-02
-6.569042278447911887e-02
-6.645294656822287038e-02
-6.720963010820624195e-02
-6.796053873061247419e-02
-6.870573680574876274e-02
-6.944528776526837088e-02
-7.017925411902070643e-02
-7.090769747155101221e-02
-7.163067853824089948e-02
-7.234825716111770166e-02
-7.306049232432110241e-02
-7.376744216925412712e-02
-7.446916400941039349e-02
-7.516571434489505155e-02
-7.585714887664207762e-02
-7.654352252034046789e-02
-7.722488942007021961e-02
-7.790130296165653778e-02
-7.857281578575203707e-02
-7.923947980065337848e-02
-7.990134619485089740e-02
-8.055846544932965259e-02
-8.121088734961301459e-02
-8.185866099757543868e-02
-8.250183482300477156e-02
-8.314045659494084806e-02
-8.377457343278260637e-02
-8.440423181717982004e-02
-8.502947760069778926e-02
-8.565035601828341338e-02
-8.626691169751821153e-02
-8.687918866866273238e-02
-8.748723037452010853e-02
-8.809107968009299849e-02
-8.869077888205423310e-02
-8.928636971804049249e-02
-8.987789337575924353e-02
-9.046539050191904074e-02
-9.104890121099196154e-02
-9.162846509380850879e-02
-9.220412122597976268e-02
-9.277590817616998553e-02
-9.334386401420002866e-02
-9.390802631901129516e-02
-9.446843218645983864e-02
-9.502511823698589488e-02
-9.557812062311821233e-02
-9.612747503685281636e-02
-9.667321671688522411e-02
-9.721538045571131992e-02
-9.775400060659789059e-02
-9.828911109041682526e-02
-9.882074540236296389e-02
-9.934893661853994029e-02
-9.987371740242967366e-02
-1.003951200112424003e-01
-1.009131763021476891e-01
-1.014279177383984321e-01
-1.019393753953370396e-01
-1.024475799662967201e-01
-1.029525617683936245e-01
-1.034543507482200697e-01
-1.039529764874272955e-01
-1.044484682082147398e-01
-1.049408547787216150e-01
-1.054301647183152335e-01
-1.059164262027946224e-01
-1.063996670694981050e-01
-1.068799148223174011e-01
-1.073571966366286823e-01
-1.078315393641354758e-01
-1.083029695376257484e-01
-1.087715133756468333e-01
-1.092371967870980898e-01
-1.097000453757460692e-01
-1.101600844446585237e-01
-1.106173390005650292e-01
-1.110718337581394488e-01
-1.115235931442105644e-01
-1.119726413019007660e-01
-1.124190020946950197e-01
-1.128626991104360044e-01
-1.133037556652580768e-01
-1.137421948074492928e-01
-1.141780393212511457e-01
-1.146113117305919138e-01
-1.150420343027592773e-01
-1.154702290520125407e-01
-1.158959177431305720e-01
-1.163191218949027883e-01
-1.167398627835642966e-01
-1.171581614461679743e-01
-1.175740386839099205e-01
-1.179875150653914018e-01
-1.183986109298300615e-01
-1.188073463902211691e-01
-1.192137413364459109e-01
-1.196178154383237269e-01
-1.200195881486244565e-01
-1.204190787060227530e-01
-1.208163061380088665e-01
-1.212112892637549066e-01
-1.216040466969273703e-01
-1.219945968484620336e-01
-1.223829579292917691e-01
-1.227691479530286234e-01
-1.231531847386048151e-01
-1.235350859128730994e-01
-1.239148689131643888e-01
-1.242925509898048508e-01
-1.246681492085928156e-01
-1.250416804532369364e-01
-1.254131614277608220e-01
-1.257826086588583747e-01
-1.261500384982271461e-01
-1.265154671248519547e-01
-1.268789105472625245e-01
