2.828427124746190291e+00
2.336045684869656469e+00
2.035391067888910666e+00
1.850132197552424085e+00
1.724028895137591944e+00
1.630336785577306324e+00
1.556020760084661614e+00
1.494025932411118918e+00
1.440190375467411688e+00
1.391926987486817424e+00
1.347587177881921505e+00
1.306114201335110359e+00
1.266834669938679214e+00
1.229324677543006450e+00
1.193321031260743403e+00
1.158661977790509168e+00
1.125247965806888573e+00
1.093016130532810992e+00
1.061924092855758062e+00
1.031939973752098672e+00
1.003036470443877670e+00
9.751875262312401649e-01
9.483666139864691536e-01
9.225459925639977188e-01
8.976965257723025227e-01
8.737878067338415988e-01
8.507884303897211842e-01
8.286663209567676214e-01
8.073890614819887457e-01
7.869241975584636561e-01
7.672395023069209508e-01
7.483031985268716602e-01
7.300841388371623886e-01
7.125519471670170857e-01
6.956771260800401757e-01
6.794311347126494871e-01
6.637864419537491401e-01
6.487165591079931959e-01
6.341960558035899531e-01
6.202005624035763498e-01
6.067067616984885836e-01
5.936923722190207142e-01
5.811361251178958076e-01
5.690177362320513188e-01
5.573178746467761790e-01
5.460181288382753850e-01
5.351009712651311201e-01
5.245497221071726557e-01
5.143485127074584051e-01
5.044822491550348120e-01
4.949365763489749215e-01
4.856978428045269913e-01
4.767530663971688565e-01
4.680899011874531390e-01
4.596966054267285773e-01
4.515620108093551521e-01
4.436754930094453098e-01
4.360269435182636544e-01
4.286067427811608987e-01
4.214057346194910458e-01
4.144152019126530750e-01
4.076268435076328411e-01
4.010327523177178999e-01
3.946253945680390784e-01
3.883975901429009281e-01
3.823424939882669182e-01
3.764535785220077257e-01
3.707246170044579126e-01
3.651496678222692638e-01
3.597230596394183633e-01
3.544393773703808925e-01
3.492934489318851310e-01
3.442803327312035644e-01
3.393953058506022913e-01
3.346338528892978670e-01
3.299916554260232671e-01
3.254645820670783452e-01
3.210486790464831541e-01
3.167401613465775645e-01
3.125354043090871059e-01
3.084309357082996583e-01
3.044234282595700281e-01
3.005096925378704098e-01
2.966866702825513014e-01
2.929514280658488401e-01
2.893011513039849825e-01
2.857331385909472887e-01
2.822447963362166856e-01
2.788336336888175837e-01
2.754972577311261550e-01
2.722333689268580659e-01
2.690397568085962643e-01
2.659142958911011601e-01
2.628549417974709868e-01
2.598597275860073941e-01
2.569267602663640182e-01
2.540542174942551079e-01
2.512403444346393289e-01
2.484834507839058793e-01
2.457819079421563746e-01
2.431341463272131964e-01
2.405386528224839893e-01
2.379939683512816984e-01
2.354986855706448223e-01
2.330514466781088423e-01
2.306509413252745833e-01
2.282959046323781993e-01
2.259851152984107825e-01
2.237173938016543961e-01
2.214916006858023423e-01
2.193066349271110549e-01
2.171614323782973532e-01
2.150549642851408150e-01
2.129862358719832871e-01
2.109542849925372665e-01
2.089581808426188014e-01
2.069970227316121070e-01
2.050699389096539704e-01
2.031760854476979128e-01
2.013146451677728654e-01
1.994848266209054144e-01
1.976858631103117492e-01
1.959170117576010672e-01
1.941775526098524496e-01
1.924667877855491538e-01
1.907840406574597691e-01
1.891286550706609559e-01
1.874999945939965773e-01
1.858974418033531306e-01
1.843203975952274754e-01
1.827682805291327706e-01
1.812405261974759652e-01
1.797365866216041885e-01
1.782559296727927178e-01
1.767980385170023760e-01
1.753624110823059079e-01
1.739485595479291768e-01
1.725560098539156151e-01
1.711843012304676281e-01
1.698329857460684211e-01
1.685016278735353146e-01
1.671898040731946422e-01
1.658971023924112886e-01
1.646231220807435613e-01
1.633674732200317836e-01
1.621297763687586102e-01
1.609096622200587023e-01
1.597067712727781308e-01
1.585207535150193747e-01
1.573512681196316820e-01
1.561979831511333405e-01
1.550605752835768070e-01
1.539387295288922874e-01
1.528321389752653747e-01
1.517405045351270798e-01
1.506635347023530525e-01
1.496009453182892412e-01
1.485524593462368426e-01
1.475178066540492050e-01
1.464967238045064846e-01
1.454889538531514981e-01
1.444942461532827127e-01
1.435123561678164350e-01
1.425430452877412546e-01
1.415860806569002039e-01
1.406412350028502234e-01
1.397082864735577079e-01
1.387870184796988482e-01
1.378772195423468294e-01
1.369786831458346121e-01
1.360912075955912626e-01
1.352145958807627890e-01
1.343486555414291905e-01
1.334931985402451893e-01
1.326480411383345326e-01
1.318130037752771322e-01
1.309879109530339147e-01
1.301725911236626398e-01
1.293668765806822440e-01
1.285706033539498749e-01
1.277836111079211912e-01
1.270057430431688617e-01
1.262368458010400818e-01
1.254767693713374210e-01
1.247253670029158656e-01
1.239824951170866441e-01
1.232480132237303849e-01
1.225217838400207981e-01
1.218036724116658143e-01
1.210935472365772814e-01
1.203912793908828854e-01
1.196967426571987070e-01
1.190098134550820891e-01
1.183303707735900018e-01
1.176582961058687260e-01
1.169934733857054959e-01
1.163357889259743622e-01
1.156851313589110919e-01
1.150413915781550028e-01
1.144044626824984312e-01
1.137742399212840483e-01
1.131506206413976923e-01
1.125335042358001636e-01
1.119227920935486342e-01
1.113183875512576276e-01
1.107201958459517466e-01
1.101281240692646157e-01
1.095420811229398522e-01
1.089619776755915287e-01
1.083877261206827869e-01
1.078192405356841188e-01
1.072564366423725407e-01
1.066992317682349811e-01
1.061475448089412577e-01
1.056012961918515458e-01
1.050604078405270592e-01
1.045248031402106759e-01
1.039944069042481878e-01
1.034691453414199880e-01
1.029489460241552190e-01
1.024337378576010704e-01
1.019234510495202334e-01
1.014180170809917819e-01
1.009173686778897933e-01
1.004214397831175720e-01
9.993016552957223464e-02
9.944348221381996145e-02
9.896132727045844901e-02
9.848363924714713391e-02
9.801035778028471812e-02
9.754142357131484475e-02
9.707677836364091151e-02
9.661636492013241095e-02
9.616012700120551981e-02
9.570800934346052058e-02
9.525995763885963807e-02
9.481591851443076091e-02
9.437583951248007530e-02
9.393966907130076038e-02
9.350735650636141094e-02
9.307885199196228032e-02
9.265410654334506335e-02
9.223307199924291044e-02
9.181570100485929309e-02
9.140194699526299482e-02
9.099176417918673765e-02
9.058510752322025683e-02
9.018193273638394625e-02
8.978219625507551094e-02
8.938585522837622088e-02
8.899286750370967447e-02
8.860319161284149758e-02
8.821678675821090221e-02
8.783361279958590284e-02
8.745363024103264271e-02
8.707680021818994809e-02
8.670308448584214400e-02
8.633244540578080550e-02
8.596484593494842230e-02
8.560024961385598319e-02
8.523862055526790216e-02
8.487992343314607058e-02
8.452412347184735941e-02
8.417118643556693869e-02
8.382107861802189086e-02
8.347376683236741590e-02
8.312921840134149254e-02
8.278740114762998814e-02
8.244828338444848415e-02
8.211183390633354506e-02
8.177802198013905954e-02
8.144681733623192199e-02
8.111819015988221138e-02
8.079211108284316267e-02
8.046855117511515776e-02
8.014748193689029410e-02
7.982887529067192456e-02
7.951270357356549079e-02
7.919893952973615370e-02
7.888755630302894672e-02
7.857852742974748284e-02
7.827182683158709353e-02
7.796742880871924963e-02
7.766530803302264252e-02
7.736543954145787272e-02
7.706779872958223476e-02
7.677236134520072641e-02
7.647910348215100629e-02
7.618800157421733166e-02
7.589903238917225514e-02
7.561217302294188924e-02
7.532740089389176885e-02
7.504469373723098025e-02
7.476402959953122596e-02
7.448538683335882704e-02
7.420874409201562438e-02
7.393408032438755773e-02
7.366137476989811916e-02
7.339060695356347530e-02
7.312175668114796745e-02
7.285480403441624286e-02
7.258972936648147578e-02
7.232651329724634759e-02
7.206513670893452406e-02
7.180558074171121408e-02
7.154782678939061724e-02
7.129185649522762347e-02
7.103765174779291813e-02
7.078519467692857836e-02
7.053446764978289762e-02
7.028545326692277329e-02
7.003813435852111746e-02
6.979249398061895815e-02
6.954851541145878890e-02
6.930618214788937526e-02
6.906547790183925617e-02
6.882638659685744176e-02
6.858889236472094642e-02
6.835297954210602100e-02
6.811863266732298694e-02
6.788583647711286806e-02
6.765457590350412720e-02
6.742483607072888296e-02
6.719660229219653891e-02
6.696986006752407572e-02
6.674459507962227089e-02
6.652079319183490380e-02
6.629844044513216739e-02
6.607752305535485871e-02
6.585802741051023645e-02
6.563994006811697812e-02
6.542324775259862613e-02
6.520793735272534253e-02
6.499399591910146046e-02
6.478141066169897100e-02
6.457016894743568269e-02
6.436025829779694341e-02
6.415166638650059150e-02
6.394438103720279098e-02
6.373839022124618003e-02
6.353368205544733527e-02
6.333024479992387101e-02
6.312806685596006329e-02
6.292713676391036015e-02
6.272744320113951555e-02
6.252897497999948540e-02
6.233172104584130957e-02
6.213567047506213942e-02
6.194081247318603684e-02
6.174713637297841312e-02
6.155463163259295573e-02
6.136328783375093188e-02
6.117309467995159927e-02
6.098404199471332832e-02
6.079611971984548446e-02
6.060931791374909311e-02
6.042362674974706416e-02
6.023903651444265095e-02
6.005553760610590069e-02
5.987312053308690291e-02
5.969177591225681423e-02
5.951149446747390492e-02
5.933226702807647274e-02
5.915408452740027190e-02
5.897693800132097763e-02
5.880081858682090212e-02
5.862571752057949698e-02
5.845162613758733000e-02
5.827853586978255784e-02
5.810643824471049129e-02
5.793532488420478216e-02
5.776518750309030115e-02
5.759601790790698506e-02
5.742780799565522926e-02
5.726054975256088253e-02
5.709423525286072554e-02
5.692885665760755165e-02
5.676440621349417709e-02
5.660087625169717834e-02
5.643825918673819192e-02
5.627654751536431688e-02
5.611573381544577438e-02
5.595581074489167778e-02
5.579677104058246295e-02
5.563860751731984633e-02
5.548131306679285335e-02
5.532488065656047949e-02
5.516930332905025519e-02
5.501457420057250663e-02
5.486068646035018037e-02
5.470763336956355888e-02
5.455540826041015839e-02
5.440400453517908741e-02
5.425341566533952581e-02
5.410363519064392140e-02
5.395465671824437731e-02
5.380647392182275751e-02
5.365908054073459388e-02
5.351247037916564281e-02
5.336663730530130656e-02
5.322157525050894011e-02
