4.951226378562074260e+00
3.501045747470954428e+00
2.858591882481589241e+00
2.475613189281037130e+00
2.214255750890981034e+00
2.021329704747550249e+00
1.871387668922598779e+00
1.750522873735477214e+00
1.650408792854024531e+00
1.565715256736323280e+00
1.492850922709142214e+00
1.429295941240794621e+00
1.373223121871956609e+00
1.323270910924055244e+00
1.278401153831584702e+00
1.237806594640518565e+00
1.200848784420931903e+00
1.167015249156984735e+00
1.135889233197102000e+00
1.107127875445490517e+00
1.080446174410608640e+00
1.055605010748228878e+00
1.032402067189803097e+00
1.010664852373775124e+00
9.902452757124147187e-01
9.710153815578212999e-01
9.528639608271964878e-01
9.356938344612993896e-01
9.194196567582241242e-01
9.039661249510202445e-01
8.892665091245761655e-01
8.752614368677386070e-01
8.618978820861044055e-01
8.491283186436634489e-01
8.369100079931603986e-01
8.252043964270122656e-01
8.139766025551765649e-01
8.031949794704584811e-01
7.928307390701924140e-01
7.828576283681616399e-01
7.732516495021386493e-01
7.639908166328046590e-01
7.550549441237959236e-01
7.464254613545711070e-01
7.380852502969936779e-01
7.300185026209193850e-01
7.222105936131081316e-01
7.146479706203973103e-01
7.073180540802962435e-01
7.002091494941908856e-01
6.933103689414599202e-01
6.866115609359783045e-01
6.801032475969117641e-01
6.737765682491834163e-01
6.676232286901853108e-01
6.616354554620276218e-01
6.558059545559444814e-01
6.501278740499482067e-01
6.445947702445248284e-01
6.392005769157923512e-01
6.339395773525395850e-01
6.288063788840766444e-01
6.237958896408662968e-01
6.189032973202592824e-01
6.141240497560346290e-01
6.094538371134078369e-01
6.048885755512098950e-01
6.004243922104659514e-01
5.960576114039589646e-01
5.917847418948514182e-01
5.876024651643045882e-01
5.835076245784923676e-01
5.794972153746481558e-01
5.755683753939525582e-01
5.717183764963178483e-01
5.679446165985509998e-01
5.642446122830995225e-01
5.606159919296752614e-01
5.570564893265962381e-01
5.535639377227452584e-01
5.501362642846748807e-01
5.467714849266456234e-01
5.434676994843005149e-01
5.402230872053043198e-01
5.370359025326388869e-01
5.339044711583658120e-01
5.308271863275940694e-01
5.278025053741144390e-01
5.248289464707365237e-01
5.219050855787744636e-01
5.190295535824198669e-01
5.162010335949015483e-01
5.134182584243929259e-01
5.106800081885907172e-01
5.079851080677662001e-01
5.053324261868875622e-01
5.027208716181418291e-01
5.001493924958506643e-01
4.976169742363807380e-01
4.951226378562073593e-01
4.926654383817986038e-01
4.902444633454534628e-01
4.878588313616575856e-01
4.855076907789106500e-01
4.831902184023429969e-01
4.809056182827698422e-01
4.786531205681375245e-01
4.764319804135982439e-01
4.742414769467085400e-01
4.720809122844872308e-01
4.699496105992881922e-01
4.678469172306496948e-01
4.657721978404688046e-01
4.637248376090251645e-01
4.617042404695410052e-01
4.597098283791120621e-01
4.577410406239855178e-01
4.557973331572880427e-01
4.538781779674286865e-01
4.519830624755101223e-01
4.501114889601885438e-01
4.482629740085146697e-01
4.464370479913818968e-01
4.446332545622880827e-01
4.428511501781962068e-01
4.410903036413517664e-01
4.393502956609827703e-01
4.376307184338693035e-01
4.359311752428314257e-01
4.342512800722367894e-01
4.325906572396823746e-01
4.309489410430522027e-01
4.293257754221979083e-01
4.277208136345317935e-01
4.261337179438616229e-01
4.245641593218317245e-01
4.230118171613734268e-01
4.214763790015953471e-01
4.199575402635803978e-01
4.184550039965801993e-01
4.169684806341273919e-01
4.154976877596118223e-01
4.140423498808877834e-01
4.126021982135061328e-01
4.111769704721826013e-01
4.097664106701349729e-01
4.083702689259413043e-01
4.069883012775882825e-01
4.056202695033941374e-01
4.042659409495100165e-01
4.029250883637139347e-01
4.015974897352292405e-01
4.002829281403106898e-01
3.989811915933539899e-01
3.976920729032978885e-01
3.964153695350962070e-01
3.951508834760513178e-01
3.938984211068078944e-01
3.926577930768156977e-01
3.914288141840808199e-01
3.902113032590306951e-01
3.890050830523282821e-01
3.878099801264774382e-01
3.866258247510693247e-01
3.854524508015255702e-01
3.842896956612016357e-01
3.831374001267192075e-01
3.819954083164023295e-01
3.808635675816979815e-01
3.797417284214667510e-01
3.786297443990340184e-01
3.775274720618979618e-01
3.764347708639934065e-01
3.753515030904167604e-01
3.742775337845197781e-01
3.732127306772855535e-01
3.721569641189013677e-01
3.711101070124493972e-01
3.700720347496375129e-01
3.690426251484968390e-01
3.680217583929745739e-01
3.670093169743555706e-01
3.660051856344463395e-01
3.650092513104596925e-01
3.640214030815407398e-01
3.630415321168755094e-01
3.620695316253281781e-01
3.611052968065540658e-01
3.601487248035362687e-01
3.591997146564986365e-01
3.582581672581478527e-01
3.573239853101986552e-01
3.563970732811398978e-01
3.554773373651998747e-01
3.545646854424696626e-01
3.536590270401481217e-01
3.527602732948689201e-01
3.518683369160763297e-01
3.509831321504142121e-01
3.501045747470954428e-01
3.492325819242203533e-01
3.483670723360129950e-01
3.475079660409467475e-01
3.466551844707299601e-01
3.458086504001247063e-01
3.449682879175723915e-01
3.441340223966010137e-01
3.433057804679891523e-01
3.424834899926631482e-01
3.416670800353056592e-01
3.408564808386522205e-01
3.400516237984558821e-01
3.392524414390989396e-01
3.384588673898321631e-01
3.376708363616226505e-01
3.368882841245917081e-01
3.361111474860256076e-01
3.353393642689413423e-01
3.345728732911916747e-01
3.338116143450926554e-01
3.330555281775594012e-01
3.323045564707340915e-01
3.315586418230922483e-01
3.308177277310138109e-01
3.300817585708049062e-01
3.293506795811577126e-01
3.286244368460355947e-01
3.279029772779722407e-01
3.271862486017712013e-01
3.264741993385968377e-01
3.257667787904435230e-01
3.250639370249741034e-01
3.243656248607161841e-01
3.236717938526070815e-01
3.229823962778770596e-01
3.222973851222624142e-01
3.216167140665382451e-01
3.209403374733634795e-01
3.202682103744281528e-01
3.196002884578961756e-01
3.189365280561348714e-01
3.182768861337231248e-01
3.176213202757321441e-01
3.169697886762697925e-01
3.163222501272829890e-01
3.156786640076102990e-01
3.150389902722787738e-01
3.144031894420383222e-01
3.137712225931275078e-01
3.131430513472646671e-01
3.125186378618585725e-01
3.118979448204331484e-01
3.112809354232601855e-01
3.106675733781955051e-01
3.100578228917126866e-01
3.094516486601296412e-01
3.088490158610232572e-01
3.082498901448272877e-01
3.076542376266084844e-01
3.070620248780173145e-01
3.064732189194080414e-01
3.058877872121248953e-01
3.053056976509491149e-01
3.047269185567039185e-01
3.041514186690130184e-01
3.035791671392089053e-01
3.030101335233874593e-01
3.024442877756049475e-01
3.018816002412149091e-01
3.013220416503401000e-01
3.007655831114775524e-01
3.002121961052329757e-01
2.996618524781813897e-01
2.991145244368511036e-01
2.985701845418284317e-01
2.980288057019794823e-01
2.974903611687871319e-01
2.969548245308002432e-01
2.964221697081920737e-01
2.958923709474257091e-01
2.953654028160242473e-01
2.948412401974431218e-01
2.943198582860415691e-01
2.938012325821522941e-01
2.932853388872459499e-01
2.927721532991888753e-01
2.922616522075915380e-01
2.917538122892461838e-01
2.912486105036514172e-01
2.907460240886211578e-01
2.902460305559774745e-01
2.897486076873240779e-01
2.892537335298993595e-01
2.887613863925071467e-01
2.882715448415232307e-01
2.877841876969762791e-01
2.872992940287014685e-01
2.868168431525649487e-01
2.863368146267579739e-01
2.858591882481589241e-01
2.853839440487620505e-01
2.849110622921710023e-01
2.844405234701564145e-01
2.839723082992754999e-01
2.835063977175529271e-01
2.830427728812212052e-01
2.825814151615194114e-01
2.821223061415497613e-01
2.816654276131892454e-01
2.812107615740567779e-01
2.807582902245338019e-01
2.803079959648376307e-01
2.798598613921457479e-01
2.794138692977711225e-01
2.789700026643867625e-01
2.785282446632981190e-01
2.780885786517635072e-01
2.776509881703605465e-01
2.772154569403980640e-01
2.767819688613726292e-01
2.763505080084686094e-01
2.759210586301009682e-01
2.754936051455001422e-01
2.750681321423374404e-01
2.746446243743912996e-01
2.742230667592524540e-01
2.738034443760679060e-01
2.733857424633228117e-01
2.729699464166595591e-01
2.725560417867328167e-01
2.721440142771005544e-01
2.717338497421502574e-01
2.713255341850588365e-01
2.709190537557867318e-01
2.705143947491045475e-01
2.701115436026521599e-01
2.697104868950297996e-01
2.693112113439195543e-01
2.689137038042382910e-01
2.685179512663194434e-01
2.681239408541250535e-01
2.677316598234861789e-01
2.673410955603712780e-01
2.669522355791829060e-01
2.665650675210811671e-01
2.661795791523339227e-01
2.657957583626931464e-01
2.654135931637970347e-01
2.650330716875972659e-01
2.646541821848110709e-01
2.642769130233974528e-01
2.639012526870572195e-01
2.635271897737566649e-01
2.631547129942737873e-01
2.627838111707674340e-01
2.624144732353682619e-01
2.620466882287917909e-01
2.616804452989723306e-01
2.613157336997182223e-01
2.609525427893872318e-01
2.605908620295828704e-01
2.602306809838695334e-01
2.598719893165081229e-01
2.595147767912099335e-01
2.591590332699099108e-01
2.588047487115581746e-01
2.584519131709294149e-01
2.581005167974507741e-01
2.577505498340462164e-01
2.574020026159990482e-01
2.570548655698307039e-01
2.567091292121964630e-01
2.563647841487969870e-01
2.560218210733066768e-01
2.556802307663169627e-01
2.553400040942953586e-01
2.550011320085598387e-01
2.546636055442682012e-01
2.543274158194215873e-01
2.539925540338831000e-01
2.536590114684100783e-01
2.533267794837006925e-01
2.529958495194540857e-01
2.526662130934437811e-01
2.523378618006046903e-01
2.520107873121329445e-01
2.516849813745986597e-01
2.513604358090709145e-01
2.510371425102556620e-01
2.507150934456454650e-01
2.503942806546811117e-01
2.500746962479253321e-01
2.497563324062477552e-01
2.494391813800215796e-01
2.491232354883310685e-01
2.488084871181903690e-01
2.484949287237729898e-01
2.481825528256520197e-01
2.478713520100507828e-01
2.475613189281036797e-01
2.472524462951276036e-01
