0.000000000000000000e+00
1.249920000000000000e+05
2.499840000000000000e+05
3.749760000000000000e+05
4.999680000000000000e+05
6.249600000000000000e+05
7.499520000000000000e+05
8.749440000000000000e+05
9.999360000000000000e+05
1.124928000000000000e+06
1.249920000000000000e+06
1.374912000000000000e+06
1.499904000000000000e+06
1.624896000000000000e+06
1.749888000000000000e+06
1.874880000000000000e+06
1.999872000000000000e+06
2.124864000000000000e+06
2.249856000000000000e+06
2.374848000000000000e+06
2.499840000000000000e+06
2.624832000000000000e+06
2.749824000000000000e+06
2.874816000000000000e+06
2.999808000000000000e+06
3.124800000000000000e+06
3.249792000000000000e+06
3.374784000000000000e+06
3.499776000000000000e+06
3.624768000000000000e+06
3.749760000000000000e+06
3.874752000000000000e+06
3.999744000000000000e+06
4.124736000000000000e+06
4.249728000000000000e+06
4.374720000000000000e+06
4.499712000000000000e+06
4.624704000000000000e+06
4.749696000000000000e+06
4.874688000000000000e+06
4.999680000000000000e+06
5.124672000000000000e+06
5.249664000000000000e+06
5.374656000000000000e+06
5.499648000000000000e+06
5.624640000000000000e+06
5.749632000000000000e+06
5.874624000000000000e+06
5.999616000000000000e+06
6.124608000000000000e+06
6.249600000000000000e+06
6.374592000000000000e+06
6.499584000000000000e+06
6.624576000000000000e+06
6.749568000000000000e+06
6.874560000000000000e+06
6.999552000000000000e+06
7.124544000000000000e+06
7.249536000000000000e+06
7.374528000000000000e+06
7.499520000000000000e+06
7.624512000000000000e+06
7.749504000000000000e+06
7.874496000000000000e+06
7.999488000000000000e+06
8.124480000000000000e+06
8.249472000000000000e+06
8.374464000000000000e+06
8.499456000000000000e+06
8.624448000000000000e+06
8.749440000000000000e+06
8.874432000000000000e+06
8.999424000000000000e+06
9.124416000000000000e+06
9.249408000000000000e+06
9.374400000000000000e+06
9.499392000000000000e+06
9.624384000000000000e+06
9.749376000000000000e+06
9.874368000000000000e+06
9.999360000000000000e+06
1.012435200000000000e+07
1.024934400000000000e+07
1.037433600000000000e+07
1.049932800000000000e+07
1.062432000000000000e+07
1.074931200000000000e+07
1.087430400000000000e+07
1.099929600000000000e+07
1.112428800000000000e+07
1.124928000000000000e+07
1.137427200000000000e+07
1.149926400000000000e+07
1.162425600000000000e+07
1.174924800000000000e+07
1.187424000000000000e+07
1.199923200000000000e+07
1.212422400000000000e+07
1.224921600000000000e+07
1.237420800000000000e+07
1.249920000000000000e+07
