8.744087794052774143e+00
7.977076643363263386e+00
7.411076366329218956e+00
6.952415190983284532e+00
6.558561925960671779e+00
6.208692903265373708e+00
5.891333089515646826e+00
5.599561056026449712e+00
5.328928630526291954e+00
5.076432572702207047e+00
4.839951251164570145e+00
4.617914042339921643e+00
4.409099591081495184e+00
4.212510717840306285e+00
4.027296830961313745e+00
3.852706255778134192e+00
3.688057370034006688e+00
3.532721404214804295e+00
3.386112324745166546e+00
3.247680898783553261e+00
3.116911140232180522e+00
2.993318047816848626e+00
2.876445996901475510e+00
2.765867426163010734e+00
2.661181629155432216e+00
2.562013559821479713e+00
2.468012616818423766e+00
2.378851401208843086e+00
2.294224456387046196e+00
2.213847004703822119e+00
2.137453696130755532e+00
2.064797382839933970e+00
1.995647931124752805e+00
1.929791079398749165e+00
1.867027348465848835e+00
1.807171008030765247e+00
1.750049101569030263e+00
1.695500530196940581e+00
1.643375195037032110e+00
1.593533196717912048e+00
1.545844090029347306e+00
1.500186191329140328e+00
1.456445936027446653e+00
1.414517283322567653e+00
1.374301165301869965e+00
1.335704977529388326e+00
1.298642108299330467e+00
1.263031503827924062e+00
1.228797266773194785e+00
1.195868285604833492e+00
1.164177892487386234e+00
1.133663547484963452e+00
1.104266547040190005e+00
1.075931754822244901e+00
1.048607353176025825e+00
1.022244613535878255e+00
9.967976842919119562e-01
9.722233947143771315e-01
9.484810736514902585e-01
9.255323818187978224e-01
9.033411565934591492e-01
8.818732683152376017e-01
8.610964871775931284e-01
8.409803598675978931e-01
8.214960951827520175e-01
8.026164579164761781e-01
7.843156703626154025e-01
7.665693208429876782e-01
7.493542787112360548e-01
7.326486153313297445e-01
7.164315305703984338e-01
7.006832843833402658e-01
6.853851331012873471e-01
6.705192700676582129e-01
6.560687702945090516e-01
6.420175388383807524e-01
6.283502626191496132e-01
6.150523654275211749e-01
6.021099658871985616e-01
5.895098381563032008e-01
5.772393751697136866e-01
5.652865542395465459e-01
5.536399048453454208e-01
5.422884784586295970e-01
5.312218202584667592e-01
5.204299426057851230e-01
5.099033001542169208e-01
4.996327664845986449e-01
4.896096121587269479e-01
4.798254840958623979e-01
4.702723861826256235e-01
4.609426610335833341e-01
4.518289728259132221e-01
4.429242911371226721e-01
4.342218757199922119e-01
4.257152621536525738e-01
4.173982483140956101e-01
4.092648816114629606e-01
4.013094469451984891e-01
3.935264553315724334e-01
3.859106331613006424e-01
