2.828427124746190291e+00
2.336045684869656469e+00
2.035391067888910666e+00
1.850132197552424085e+00
1.724028895137591944e+00
1.630336785577306324e+00
1.556020760084661614e+00
1.494025932411118918e+00
1.440190375467411688e+00
1.391926987486817424e+00
1.347587177881921505e+00
1.306114201335110359e+00
1.266834669938679214e+00
1.229324677543006450e+00
1.193321031260743403e+00
1.158661977790509168e+00
1.125247965806888573e+00
1.093016130532810992e+00
1.061924092855758062e+00
1.031939973752098672e+00
1.003036470443877670e+00
9.751875262312401649e-01
9.483666139864691536e-01
9.225459925639977188e-01
8.976965257723025227e-01
8.737878067338415988e-01
8.507884303897211842e-01
8.286663209567676214e-01
8.073890614819887457e-01
7.869241975584636561e-01
7.672395023069209508e-01
7.483031985268716602e-01
7.300841388371623886e-01
7.125519471670170857e-01
6.956771260800401757e-01
6.794311347126494871e-01
6.637864419537491401e-01
6.487165591079931959e-01
6.341960558035899531e-01
6.202005624035763498e-01
6.067067616984885836e-01
5.936923722190207142e-01
5.811361251178958076e-01
5.690177362320513188e-01
5.573178746467761790e-01
5.460181288382753850e-01
5.351009712651311201e-01
5.245497221071726557e-01
5.143485127074584051e-01
5.044822491550348120e-01
4.949365763489749215e-01
4.856978428045269913e-01
4.767530663971688565e-01
4.680899011874531390e-01
4.596966054267285773e-01
4.515620108093551521e-01
4.436754930094453098e-01
4.360269435182636544e-01
4.286067427811608987e-01
4.214057346194910458e-01
4.144152019126530750e-01
4.076268435076328411e-01
4.010327523177178999e-01
3.946253945680390784e-01
3.883975901429009281e-01
3.823424939882669182e-01
3.764535785220077257e-01
3.707246170044579126e-01
3.651496678222692638e-01
3.597230596394183633e-01
3.544393773703808925e-01
3.492934489318851310e-01
3.442803327312035644e-01
3.393953058506022913e-01
3.346338528892978670e-01
3.299916554260232671e-01
3.254645820670783452e-01
3.210486790464831541e-01
3.167401613465775645e-01
3.125354043090871059e-01
3.084309357082996583e-01
3.044234282595700281e-01
3.005096925378704098e-01
2.966866702825513014e-01
2.929514280658488401e-01
2.893011513039849825e-01
2.857331385909472887e-01
2.822447963362166856e-01
2.788336336888175837e-01
2.754972577311261550e-01
2.722333689268580659e-01
2.690397568085962643e-01
2.659142958911011601e-01
2.628549417974709868e-01
2.598597275860073941e-01
2.569267602663640182e-01
2.540542174942551079e-01
2.512403444346393289e-01
2.484834507839058793e-01
2.457819079421563746e-01
2.431341463272131964e-01
