4.951226378562074260e+00
3.501045747470954428e+00
2.858591882481589241e+00
2.475613189281037130e+00
2.214255750890981034e+00
2.021329704747550249e+00
1.871387668922598779e+00
1.750522873735477214e+00
1.650408792854024531e+00
1.565715256736323280e+00
1.492850922709142214e+00
1.429295941240794621e+00
1.373223121871956609e+00
1.323270910924055244e+00
1.278401153831584702e+00
1.237806594640518565e+00
1.200848784420931903e+00
1.167015249156984735e+00
1.135889233197102000e+00
1.107127875445490517e+00
1.080446174410608640e+00
1.055605010748228878e+00
1.032402067189803097e+00
1.010664852373775124e+00
9.902452757124147187e-01
9.710153815578212999e-01
9.528639608271964878e-01
9.356938344612993896e-01
9.194196567582241242e-01
9.039661249510202445e-01
8.892665091245761655e-01
8.752614368677386070e-01
8.618978820861044055e-01
8.491283186436634489e-01
8.369100079931603986e-01
8.252043964270122656e-01
8.139766025551765649e-01
8.031949794704584811e-01
7.928307390701924140e-01
7.828576283681616399e-01
7.732516495021386493e-01
7.639908166328046590e-01
7.550549441237959236e-01
7.464254613545711070e-01
7.380852502969936779e-01
7.300185026209193850e-01
7.222105936131081316e-01
7.146479706203973103e-01
7.073180540802962435e-01
7.002091494941908856e-01
6.933103689414599202e-01
6.866115609359783045e-01
6.801032475969117641e-01
6.737765682491834163e-01
6.676232286901853108e-01
6.616354554620276218e-01
6.558059545559444814e-01
6.501278740499482067e-01
6.445947702445248284e-01
6.392005769157923512e-01
6.339395773525395850e-01
6.288063788840766444e-01
6.237958896408662968e-01
6.189032973202592824e-01
6.141240497560346290e-01
6.094538371134078369e-01
6.048885755512098950e-01
6.004243922104659514e-01
5.960576114039589646e-01
5.917847418948514182e-01
5.876024651643045882e-01
5.835076245784923676e-01
5.794972153746481558e-01
5.755683753939525582e-01
5.717183764963178483e-01
5.679446165985509998e-01
5.642446122830995225e-01
5.606159919296752614e-01
5.570564893265962381e-01
5.535639377227452584e-01
5.501362642846748807e-01
5.467714849266456234e-01
5.434676994843005149e-01
5.402230872053043198e-01
5.370359025326388869e-01
5.339044711583658120e-01
5.308271863275940694e-01
5.278025053741144390e-01
5.248289464707365237e-01
5.219050855787744636e-01
5.190295535824198669e-01
5.162010335949015483e-01
5.134182584243929259e-01
5.106800081885907172e-01
5.079851080677662001e-01
5.053324261868875622e-01
5.027208716181418291e-01
5.001493924958506643e-01
4.976169742363807380e-01
4.951226378562073593e-01
4.926654383817986038e-01
