0.000000000000000000e+00
6.200000000000000000e+02
1.240000000000000000e+03
1.860000000000000000e+03
2.480000000000000000e+03
3.100000000000000000e+03
3.720000000000000000e+03
4.340000000000000000e+03
4.960000000000000000e+03
5.580000000000000000e+03
6.200000000000000000e+03
6.820000000000000000e+03
7.440000000000000000e+03
8.060000000000000000e+03
8.680000000000000000e+03
9.300000000000000000e+03
9.920000000000000000e+03
1.054000000000000000e+04
1.116000000000000000e+04
1.178000000000000000e+04
1.240000000000000000e+04
1.302000000000000000e+04
1.364000000000000000e+04
1.426000000000000000e+04
1.488000000000000000e+04
1.550000000000000000e+04
1.612000000000000000e+04
1.674000000000000000e+04
1.736000000000000000e+04
1.798000000000000000e+04
1.860000000000000000e+04
1.922000000000000000e+04
1.984000000000000000e+04
2.046000000000000000e+04
2.108000000000000000e+04
2.170000000000000000e+04
2.232000000000000000e+04
2.294000000000000000e+04
2.356000000000000000e+04
2.418000000000000000e+04
2.480000000000000000e+04
2.542000000000000000e+04
2.604000000000000000e+04
2.666000000000000000e+04
2.728000000000000000e+04
2.790000000000000000e+04
2.852000000000000000e+04
2.914000000000000000e+04
2.976000000000000000e+04
3.038000000000000000e+04
3.100000000000000000e+04
3.162000000000000000e+04
3.224000000000000000e+04
3.286000000000000000e+04
3.348000000000000000e+04
3.410000000000000000e+04
3.472000000000000000e+04
3.534000000000000000e+04
3.596000000000000000e+04
3.658000000000000000e+04
3.720000000000000000e+04
3.782000000000000000e+04
3.844000000000000000e+04
3.906000000000000000e+04
3.968000000000000000e+04
4.030000000000000000e+04
4.092000000000000000e+04
4.154000000000000000e+04
4.216000000000000000e+04
4.278000000000000000e+04
4.340000000000000000e+04
4.402000000000000000e+04
4.464000000000000000e+04
4.526000000000000000e+04
4.588000000000000000e+04
4.650000000000000000e+04
4.712000000000000000e+04
4.774000000000000000e+04
4.836000000000000000e+04
4.898000000000000000e+04
4.960000000000000000e+04
5.022000000000000000e+04
5.084000000000000000e+04
5.146000000000000000e+04
5.208000000000000000e+04
5.270000000000000000e+04
5.332000000000000000e+04
5.394000000000000000e+04
5.456000000000000000e+04
5.518000000000000000e+04
5.580000000000000000e+04
5.642000000000000000e+04
5.704000000000000000e+04
5.766000000000000000e+04
5.828000000000000000e+04
5.890000000000000000e+04
5.952000000000000000e+04
6.014000000000000000e+04
6.076000000000000000e+04
6.138000000000000000e+04
6.200000000000000000e+04
6.262000000000000000e+04
6.324000000000000000e+04
6.386000000000000000e+04
6.448000000000000000e+04
6.510000000000000000e+04
6.572000000000000000e+04
6.634000000000000000e+04
6.696000000000000000e+04
6.758000000000000000e+04
6.820000000000000000e+04
6.882000000000000000e+04
6.944000000000000000e+04
7.006000000000000000e+04
7.068000000000000000e+04
7.130000000000000000e+04
7.192000000000000000e+04
7.254000000000000000e+04
7.316000000000000000e+04
7.378000000000000000e+04
7.440000000000000000e+04
7.502000000000000000e+04
7.564000000000000000e+04
7.626000000000000000e+04
7.688000000000000000e+04
7.750000000000000000e+04
7.812000000000000000e+04
7.874000000000000000e+04
7.936000000000000000e+04
7.998000000000000000e+04
8.060000000000000000e+04
8.122000000000000000e+04
8.184000000000000000e+04
8.246000000000000000e+04
8.308000000000000000e+04
8.370000000000000000e+04
8.432000000000000000e+04
8.494000000000000000e+04
8.556000000000000000e+04
8.618000000000000000e+04
8.680000000000000000e+04
8.742000000000000000e+04
8.804000000000000000e+04
8.866000000000000000e+04
8.928000000000000000e+04
8.990000000000000000e+04
9.052000000000000000e+04
9.114000000000000000e+04
9.176000000000000000e+04
9.238000000000000000e+04
9.300000000000000000e+04
9.362000000000000000e+04
9.424000000000000000e+04
9.486000000000000000e+04
9.548000000000000000e+04
9.610000000000000000e+04
9.672000000000000000e+04
9.734000000000000000e+04
9.796000000000000000e+04
9.858000000000000000e+04
9.920000000000000000e+04
9.982000000000000000e+04
1.004400000000000000e+05
1.010600000000000000e+05
1.016800000000000000e+05
1.023000000000000000e+05
1.029200000000000000e+05
1.035400000000000000e+05
1.041600000000000000e+05
1.047800000000000000e+05
1.054000000000000000e+05
1.060200000000000000e+05
1.066400000000000000e+05
1.072600000000000000e+05
1.078800000000000000e+05
1.085000000000000000e+05
1.091200000000000000e+05
1.097400000000000000e+05
1.103600000000000000e+05
1.109800000000000000e+05
1.116000000000000000e+05
1.122200000000000000e+05
1.128400000000000000e+05
1.134600000000000000e+05
1.140800000000000000e+05
1.147000000000000000e+05
1.153200000000000000e+05
1.159400000000000000e+05
1.165600000000000000e+05
1.171800000000000000e+05
1.178000000000000000e+05
1.184200000000000000e+05
1.190400000000000000e+05
1.196600000000000000e+05
1.202800000000000000e+05
1.209000000000000000e+05
1.215200000000000000e+05
1.221400000000000000e+05
1.227600000000000000e+05
1.233800000000000000e+05
1.240000000000000000e+05
1.246200000000000000e+05
1.252400000000000000e+05
1.258600000000000000e+05
1.264800000000000000e+05
1.271000000000000000e+05
1.277200000000000000e+05
1.283400000000000000e+05
1.289600000000000000e+05
1.295800000000000000e+05
1.302000000000000000e+05
1.308200000000000000e+05
1.314400000000000000e+05
1.320600000000000000e+05
1.326800000000000000e+05
1.333000000000000000e+05
1.339200000000000000e+05
1.345400000000000000e+05
1.351600000000000000e+05
1.357800000000000000e+05
1.364000000000000000e+05
1.370200000000000000e+05
1.376400000000000000e+05
1.382600000000000000e+05
1.388800000000000000e+05
1.395000000000000000e+05
1.401200000000000000e+05
1.407400000000000000e+05
1.413600000000000000e+05
1.419800000000000000e+05
1.426000000000000000e+05
1.432200000000000000e+05
1.438400000000000000e+05
1.444600000000000000e+05
1.450800000000000000e+05
1.457000000000000000e+05
1.463200000000000000e+05
1.469400000000000000e+05
1.475600000000000000e+05
1.481800000000000000e+05
1.488000000000000000e+05
1.494200000000000000e+05
1.500400000000000000e+05
1.506600000000000000e+05
1.512800000000000000e+05
1.519000000000000000e+05
1.525200000000000000e+05
1.531400000000000000e+05
1.537600000000000000e+05
1.543800000000000000e+05
1.550000000000000000e+05
1.556200000000000000e+05
1.562400000000000000e+05
1.568600000000000000e+05
1.574800000000000000e+05
1.581000000000000000e+05
1.587200000000000000e+05
1.593400000000000000e+05
1.599600000000000000e+05
1.605800000000000000e+05
1.612000000000000000e+05
1.618200000000000000e+05
1.624400000000000000e+05
1.630600000000000000e+05
1.636800000000000000e+05
1.643000000000000000e+05
1.649200000000000000e+05
1.655400000000000000e+05
1.661600000000000000e+05
1.667800000000000000e+05
1.674000000000000000e+05
1.680200000000000000e+05
1.686400000000000000e+05
1.692600000000000000e+05
1.698800000000000000e+05
1.705000000000000000e+05
1.711200000000000000e+05
1.717400000000000000e+05
1.723600000000000000e+05
1.729800000000000000e+05
1.736000000000000000e+05
1.742200000000000000e+05
1.748400000000000000e+05
1.754600000000000000e+05
1.760800000000000000e+05
1.767000000000000000e+05
1.773200000000000000e+05
1.779400000000000000e+05
1.785600000000000000e+05
1.791800000000000000e+05
1.798000000000000000e+05
1.804200000000000000e+05
1.810400000000000000e+05
1.816600000000000000e+05
1.822800000000000000e+05
1.829000000000000000e+05
1.835200000000000000e+05
1.841400000000000000e+05
1.847600000000000000e+05
1.853800000000000000e+05
1.860000000000000000e+05
1.866200000000000000e+05
1.872400000000000000e+05
1.878600000000000000e+05
1.884800000000000000e+05
1.891000000000000000e+05
1.897200000000000000e+05
1.903400000000000000e+05
1.909600000000000000e+05
1.915800000000000000e+05
1.922000000000000000e+05
1.928200000000000000e+05
1.934400000000000000e+05
1.940600000000000000e+05
1.946800000000000000e+05
1.953000000000000000e+05
1.959200000000000000e+05
1.965400000000000000e+05
1.971600000000000000e+05
1.977800000000000000e+05
1.984000000000000000e+05
1.990200000000000000e+05
1.996400000000000000e+05
2.002600000000000000e+05
2.008800000000000000e+05
2.015000000000000000e+05
2.021200000000000000e+05
2.027400000000000000e+05
2.033600000000000000e+05
2.039800000000000000e+05
2.046000000000000000e+05
2.052200000000000000e+05
2.058400000000000000e+05
2.064600000000000000e+05
2.070800000000000000e+05
2.077000000000000000e+05
2.083200000000000000e+05
2.089400000000000000e+05
2.095600000000000000e+05
2.101800000000000000e+05
2.108000000000000000e+05
2.114200000000000000e+05
2.120400000000000000e+05
2.126600000000000000e+05
2.132800000000000000e+05
2.139000000000000000e+05
2.145200000000000000e+05
2.151400000000000000e+05
2.157600000000000000e+05
2.163800000000000000e+05
2.170000000000000000e+05
2.176200000000000000e+05
2.182400000000000000e+05
2.188600000000000000e+05
2.194800000000000000e+05
2.201000000000000000e+05
2.207200000000000000e+05
2.213400000000000000e+05
2.219600000000000000e+05
2.225800000000000000e+05
2.232000000000000000e+05
2.238200000000000000e+05
2.244400000000000000e+05
2.250600000000000000e+05
2.256800000000000000e+05
2.263000000000000000e+05
2.269200000000000000e+05
2.275400000000000000e+05
2.281600000000000000e+05
2.287800000000000000e+05
2.294000000000000000e+05
2.300200000000000000e+05
2.306400000000000000e+05
2.312600000000000000e+05
2.318800000000000000e+05
2.325000000000000000e+05
2.331200000000000000e+05
2.337400000000000000e+05
2.343600000000000000e+05
2.349800000000000000e+05
2.356000000000000000e+05
2.362200000000000000e+05
2.368400000000000000e+05
2.374600000000000000e+05
2.380800000000000000e+05
2.387000000000000000e+05
2.393200000000000000e+05
2.399400000000000000e+05
2.405600000000000000e+05
2.411800000000000000e+05
2.418000000000000000e+05
2.424200000000000000e+05
2.430400000000000000e+05
2.436600000000000000e+05
2.442800000000000000e+05
2.449000000000000000e+05
2.455200000000000000e+05
2.461400000000000000e+05
2.467600000000000000e+05
2.473800000000000000e+05
2.480000000000000000e+05
2.486200000000000000e+05
2.492400000000000000e+05
2.498600000000000000e+05
2.504800000000000000e+05
2.511000000000000000e+05
2.517200000000000000e+05
2.523400000000000000e+05
2.529600000000000000e+05
2.535800000000000000e+05
2.542000000000000000e+05
2.548200000000000000e+05
2.554400000000000000e+05
2.560600000000000000e+05
2.566800000000000000e+05
2.573000000000000000e+05
2.579200000000000000e+05
2.585400000000000000e+05
2.591600000000000000e+05
2.597800000000000000e+05
2.604000000000000000e+05
2.610200000000000000e+05
2.616400000000000000e+05
2.622600000000000000e+05
2.628800000000000000e+05
2.635000000000000000e+05
2.641200000000000000e+05
2.647400000000000000e+05
2.653600000000000000e+05
2.659800000000000000e+05
2.666000000000000000e+05
2.672200000000000000e+05
2.678400000000000000e+05
2.684600000000000000e+05
2.690800000000000000e+05
2.697000000000000000e+05
2.703200000000000000e+05
2.709400000000000000e+05
2.715600000000000000e+05
2.721800000000000000e+05
2.728000000000000000e+05
2.734200000000000000e+05
2.740400000000000000e+05
2.746600000000000000e+05
2.752800000000000000e+05
2.759000000000000000e+05
2.765200000000000000e+05
2.771400000000000000e+05
2.777600000000000000e+05
2.783800000000000000e+05
2.790000000000000000e+05
2.796200000000000000e+05
2.802400000000000000e+05
2.808600000000000000e+05
2.814800000000000000e+05
2.821000000000000000e+05
2.827200000000000000e+05
2.833400000000000000e+05
2.839600000000000000e+05
2.845800000000000000e+05
2.852000000000000000e+05
2.858200000000000000e+05
2.864400000000000000e+05
2.870600000000000000e+05
2.876800000000000000e+05
2.883000000000000000e+05
2.889200000000000000e+05
2.895400000000000000e+05
2.901600000000000000e+05
2.907800000000000000e+05
2.914000000000000000e+05
2.920200000000000000e+05
2.926400000000000000e+05
2.932600000000000000e+05
2.938800000000000000e+05
2.945000000000000000e+05
2.951200000000000000e+05
2.957400000000000000e+05
2.963600000000000000e+05
2.969800000000000000e+05
2.976000000000000000e+05
2.982200000000000000e+05
2.988400000000000000e+05
2.994600000000000000e+05
3.000800000000000000e+05
3.007000000000000000e+05
3.013200000000000000e+05
3.019400000000000000e+05
3.025600000000000000e+05
3.031800000000000000e+05
3.038000000000000000e+05
3.044200000000000000e+05
3.050400000000000000e+05
3.056600000000000000e+05
3.062800000000000000e+05
3.069000000000000000e+05
3.075200000000000000e+05
3.081400000000000000e+05
3.087600000000000000e+05
3.093800000000000000e+05
3.100000000000000000e+05
3.106200000000000000e+05
3.112400000000000000e+05
3.118600000000000000e+05
3.124800000000000000e+05
3.131000000000000000e+05
3.137200000000000000e+05
3.143400000000000000e+05
3.149600000000000000e+05
3.155800000000000000e+05
3.162000000000000000e+05
3.168200000000000000e+05
3.174400000000000000e+05
3.180600000000000000e+05
3.186800000000000000e+05
3.193000000000000000e+05
3.199200000000000000e+05
3.205400000000000000e+05
3.211600000000000000e+05
3.217800000000000000e+05
3.224000000000000000e+05
3.230200000000000000e+05
3.236400000000000000e+05
3.242600000000000000e+05
3.248800000000000000e+05
3.255000000000000000e+05
3.261200000000000000e+05
3.267400000000000000e+05
3.273600000000000000e+05
3.279800000000000000e+05
3.286000000000000000e+05
3.292200000000000000e+05
3.298400000000000000e+05
3.304600000000000000e+05
3.310800000000000000e+05
3.317000000000000000e+05
3.323200000000000000e+05
3.329400000000000000e+05
3.335600000000000000e+05
3.341800000000000000e+05
3.348000000000000000e+05
3.354200000000000000e+05
3.360400000000000000e+05
3.366600000000000000e+05
3.372800000000000000e+05
3.379000000000000000e+05
3.385200000000000000e+05
3.391400000000000000e+05
3.397600000000000000e+05
3.403800000000000000e+05
3.410000000000000000e+05
3.416200000000000000e+05
3.422400000000000000e+05
3.428600000000000000e+05
3.434800000000000000e+05
3.441000000000000000e+05
3.447200000000000000e+05
3.453400000000000000e+05
3.459600000000000000e+05
3.465800000000000000e+05
3.472000000000000000e+05
3.478200000000000000e+05
3.484400000000000000e+05
3.490600000000000000e+05
3.496800000000000000e+05
3.503000000000000000e+05
3.509200000000000000e+05
3.515400000000000000e+05
3.521600000000000000e+05
3.527800000000000000e+05
3.534000000000000000e+05
3.540200000000000000e+05
3.546400000000000000e+05
3.552600000000000000e+05
3.558800000000000000e+05
3.565000000000000000e+05
3.571200000000000000e+05
3.577400000000000000e+05
3.583600000000000000e+05
3.589800000000000000e+05
3.596000000000000000e+05
3.602200000000000000e+05
3.608400000000000000e+05
3.614600000000000000e+05
3.620800000000000000e+05
3.627000000000000000e+05
3.633200000000000000e+05
3.639400000000000000e+05
3.645600000000000000e+05
3.651800000000000000e+05
3.658000000000000000e+05
3.664200000000000000e+05
3.670400000000000000e+05
3.676600000000000000e+05
3.682800000000000000e+05
3.689000000000000000e+05
3.695200000000000000e+05
3.701400000000000000e+05
3.707600000000000000e+05
3.713800000000000000e+05
3.720000000000000000e+05
3.726200000000000000e+05
3.732400000000000000e+05
3.738600000000000000e+05
3.744800000000000000e+05
3.751000000000000000e+05
3.757200000000000000e+05
3.763400000000000000e+05
3.769600000000000000e+05
3.775800000000000000e+05
3.782000000000000000e+05
3.788200000000000000e+05
3.794400000000000000e+05
3.800600000000000000e+05
3.806800000000000000e+05
3.813000000000000000e+05
3.819200000000000000e+05
3.825400000000000000e+05
3.831600000000000000e+05
3.837800000000000000e+05
3.844000000000000000e+05
3.850200000000000000e+05
3.856400000000000000e+05
3.862600000000000000e+05
3.868800000000000000e+05
3.875000000000000000e+05
3.881200000000000000e+05
3.887400000000000000e+05
3.893600000000000000e+05
3.899800000000000000e+05
3.906000000000000000e+05
3.912200000000000000e+05
3.918400000000000000e+05
3.924600000000000000e+05
3.930800000000000000e+05
3.937000000000000000e+05
3.943200000000000000e+05
3.949400000000000000e+05
3.955600000000000000e+05
3.961800000000000000e+05
3.968000000000000000e+05
