7.442319408650011070e-01
8.664352505112582037e+00
8.588353776700886399e+00
8.515357493826329005e+00
8.445199220474105317e+00
8.377710196480537164e+00
8.312721734723789169e+00
8.250068626890190160e+00
8.189591646003725245e+00
8.131139276328791965e+00
8.074568809636538447e+00
8.019746936137011062e+00
7.966549945043235326e+00
7.914863633764604778e+00
7.864583008234363071e+00
7.815611841202112053e+00
7.767862141221157479e+00
7.721253572874106297e+00
7.675712858574231134e+00
7.631173183953551487e+00
7.587573622209631274e+00
7.544858587601137145e+00
7.502977324321507879e+00
7.461883434019299877e+00
7.421534443073525722e+00
7.381891409203751309e+00
7.342918565953535648e+00
7.304583002916614554e+00
7.266854379183114609e+00
7.229704667293928466e+00
7.193107924947765852e+00
7.157040091761337486e+00
7.121478808506691571e+00
7.086403256413314367e+00
7.051794014309971992e+00
7.017632931577176159e+00
6.983903008695866887e+00
6.950588312498542365e+00
6.917673876712544967e+00
6.885145618413746504e+00
6.852990269400866197e+00
6.821195311748368795e+00
6.789748919893884960e+00
6.758639908485770675e+00
6.727857685313853864e+00
6.697392208732206420e+00
6.667233949057782105e+00
6.637373853494643150e+00
6.607803314190623389e+00
6.578514139082977330e+00
6.549498525232801072e+00
6.520749034385384668e+00
6.492258570526066919e+00
6.464020359229123436e+00
6.436027928621624206e+00
6.408275091805081480e+00
6.380755930596023973e+00
6.353464780462435790e+00
6.326396216546639195e+00
6.299545040677362984e+00
6.272906269283933689e+00
6.246475122134853564e+00
6.220247011830943862e+00
6.194217533990184599e+00
6.168382458067839025e+00
6.142737718760520771e+00
6.117279407948126746e+00
6.092003767131632941e+00
6.066907180328549032e+00
6.041986167391520723e+00
6.017237377718373637e+00
5.992657584324775577e+00
5.968243678253233320e+00
5.943992663294227263e+00
5.919901650997524634e+00
5.895967855953299086e+00
5.872188591324626117e+00
5.848561264614193789e+00
5.825083373649572849e+00
5.801752502772690612e+00
5.778566319220082903e+00
5.755522569681850165e+00
5.732619077027886867e+00
5.709853737191083134e+00
5.687224516197763258e+00
5.664729447336616985e+00
5.642366628457761379e+00
5.620134219394408603e+00
5.598030439500063515e+00
5.576053565294724734e+00
5.554201928214026474e+00
5.532473912455667886e+00
5.510867952917936741e+00
5.489382533225422911e+00
5.468016183837453248e+00
5.446767480234910863e+00
5.425635041181611662e+00
5.404617527056524651e+00
5.383713638253366796e+00
5.362922113644363442e+00
5.342241729105203341e+00
5.321671296098315018e+00
5.301209660311847038e+00
5.280855700351784421e+00
5.260608326484984332e+00
5.240466479430782698e+00
5.220429129199207097e+00
5.200495273973713140e+00
5.180663939036723953e+00
5.160934175736055174e+00
5.141305060490733325e+00
5.121775693834439203e+00
5.102345199495267991e+00
5.083012723510229591e+00
5.063777433373243930e+00
5.044638517215260798e+00
5.025595183015304279e+00
5.006646657841321790e+00
4.987792187119636012e+00
4.969031033931980978e+00
4.950362478339065397e+00
4.931785816729735927e+00
4.913300361194756327e+00
4.894905438924330277e+00
4.876600391628458375e+00
4.858384574979401016e+00
4.840257358075311878e+00
4.822218122924419426e+00
4.804266263948937521e+00
4.786401187507971500e+00
4.768622311438854844e+00
4.750929064616125075e+00
4.733320886527609517e+00
4.715797226866960123e+00
4.698357545142045844e+00
4.681001310298669615e+00
4.663728000359035342e+00
4.646537102074452363e+00
4.629428110591730317e+00
4.612400529132867355e+00
4.595453868687396692e+00
4.578587647717119680e+00
4.561801391872607248e+00
4.545094633721186383e+00
4.528466912485894724e+00
4.511917773795032005e+00
4.495446769441960200e+00
4.479053457154718032e+00
4.462737400375133667e+00
4.446498168047058996e+00
4.430335334413404880e+00
4.414248478821605204e+00
4.398237185537317906e+00
4.382301043565862919e+00
4.366439646481283354e+00
4.350652592262652441e+00
4.334939483137350003e+00
4.319299925431105969e+00
4.303733529424440540e+00
4.288239909215401546e+00
4.272818682588216177e+00
4.257469470887699892e+00
4.242191898899231539e+00
4.226985594733962515e+00
4.211850189719182680e+00
4.196785318293541067e+00
4.181790617906988139e+00
4.166865728925225554e+00
4.152010294538467150e+00
4.137223960674418777e+00
4.122506375915160781e+00
4.107857191417914500e+00
4.093276060839459163e+00
4.078762640264081085e+00
4.064316588134863295e+00
4.049937565188253430e+00
4.035625234391669203e+00
4.021379260884136997e+00
4.007199311919719342e+00
3.993085056813682421e+00
3.979036166891270376e+00
3.965052315438970076e+00
3.951133177658151752e+00
3.937278430621004688e+00
3.923487753228623198e+00
3.909760826171212678e+00
3.896097331890286064e+00
3.882496954542716594e+00
3.868959379966668166e+00
3.855484295649219462e+00
3.842071390695672939e+00
3.828720355800423469e+00
3.815430883219336877e+00
3.802202666743588644e+00
3.789035401674842873e+00
3.775928784801770632e+00
3.762882514377772658e+00
3.749896290099934859e+00
3.736969813089062953e+00
3.724102785870833543e+00
3.711294912357938180e+00
3.698545897833214191e+00
3.685855448933684109e+00
3.673223273635487729e+00
3.660649081239638392e+00
3.648132582358559972e+00
3.635673488903396589e+00
3.623271514072001764e+00
3.610926372337635470e+00
3.598637779438272233e+00
3.586405452366521196e+00
3.574229109360123502e+00
3.562108469892976359e+00
3.550043254666683801e+00
3.538033185602572850e+00
3.526077985834167983e+00
3.514177379700115011e+00
3.502331092737468232e+00
3.490538851675385246e+00
3.478800384429192150e+00
3.467115420094733835e+00
3.455483688943101761e+00
3.443904922415597092e+00
3.432378853119026019e+00
3.420905214821209128e+00
3.409483742446753674e+00
3.398114172073055883e+00
3.386796240926493340e+00
3.375529687378838517e+00
3.364314250943832185e+00
3.353149672273930015e+00
3.342035693157223264e+00
3.330972056514466040e+00
3.319958506396276654e+00
3.308994787980429564e+00
3.298080647569277879e+00
3.287215832587257580e+00
3.276400091578500984e+00
3.265633174204539024e+00
3.254914831242054163e+00
3.244244814580718561e+00
3.233622877221101533e+00
3.223048773272597423e+00
3.212522257951436089e+00
3.202043087578715586e+00
3.191611019578470376e+00
3.181225812475769743e+00
3.170887225894847283e+00
3.160595020557233070e+00
3.150348958279926670e+00
3.140148801973544401e+00
3.129994315640511005e+00
3.119885264373224665e+00
3.109821414352230917e+00
3.099802532844406322e+00
3.089828388201107501e+00
3.079898749856329054e+00
3.070013388324836612e+00
3.060172075200307873e+00
3.050374583153419472e+00
3.040620685929950717e+00
3.030910158348832262e+00
3.021242776300199218e+00
3.011618316743406076e+00
3.002036557705013209e+00
2.992497278276750272e+00
2.983000258613450306e+00
2.973545279930941199e+00
2.964132124503939814e+00
2.954760575663864408e+00
2.945430417796658595e+00
2.936141436340558464e+00
2.926893417783823281e+00
2.917686149662456430e+00
2.908519420557846402e+00
2.899393020094431783e+00
2.890306738937280073e+00
2.881260368789640758e+00
2.872253702390488606e+00
2.863286533512010124e+00
2.854358656957045604e+00
2.845469868556508963e+00
2.836619965166783608e+00
2.827808744667048124e+00
2.819036005956601976e+00
2.810301548952122808e+00
2.801605174584927305e+00
2.792946684798160994e+00
2.784325882543971176e+00
2.775742571780640766e+00
2.767196557469702611e+00
2.758687645572991620e+00
2.750215643049702230e+00
2.741780357853373928e+00
2.733381598928870559e+00
2.725019176209329430e+00
2.716692900613061568e+00
2.708402584040435102e+00
2.700148039370737330e+00
2.691929080458979051e+00
2.683745522132698902e+00
2.675597180188736601e+00
2.667483871389952910e+00
2.659405413461964685e+00
2.651361625089813323e+00
2.643352325914634093e+00
2.635377336530295267e+00
2.627436478480009718e+00
2.619529574252918991e+00
2.611656447280669369e+00
2.603816921933955086e+00
2.596010823519035782e+00
2.588237978274248619e+00
2.580498213366487548e+00
2.572791356887667469e+00
2.565117237851164411e+00
2.557475686188257491e+00
2.549866532744527348e+00
2.542289609276244811e+00
2.534744748446767559e+00
2.527231783822879940e+00
2.519750549871157652e+00
2.512300881954286247e+00
2.504882616327391176e+00
2.497495590134334975e+00
2.490139641404022441e+00
2.482814609046681831e+00
2.475520332850115857e+00
2.468256653475992657e+00
2.461023412456071036e+00
2.453820452188459456e+00
2.446647615933843056e+00
2.439504747811704455e+00
2.432391692796540994e+00
2.425308296714081990e+00
2.418254406237485554e+00
2.411229868883531857e+00
2.404234533008829722e+00
2.397268247805986796e+00
2.390330863299801933e+00
2.383422230343441583e+00
2.376542200614610856e+00
2.369690626611726358e+00
2.362867361650095255e+00
2.356072259858068563e+00
2.349305176173217546e+00
2.342565966338490568e+00
2.335854486898389482e+00
2.329170595195115823e+00
2.322514149364748981e+00
2.315885008333407491e+00
2.309283031813416542e+00
2.302708080299466609e+00
2.296160015064793392e+00
2.289638698157348884e+00
2.283143992395963551e+00
2.276675761366536044e+00
2.270233869418212258e+00
2.263818181659564388e+00
2.257428563954780643e+00
2.251064882919862065e+00
2.244727005918818463e+00
2.238414801059862569e+00
2.232128137191637940e+00
2.225866883899411341e+00
2.219630911501308645e+00
2.213420091044533855e+00
2.207234294301597011e+00
2.201073393766569630e+00
2.194937262651316168e+00
2.188825774881762776e+00
2.182738805094143864e+00
2.176676228631281518e+00
2.170637921538870252e+00
2.164623760561754651e+00
2.158633623140226554e+00
2.152667387406329347e+00
2.146724932180180900e+00
2.140806136966290296e+00
2.134910881949888761e+00
2.129039047993275702e+00
2.123190516632170954e+00
2.117365170072084801e+00
2.111562891184681767e+00
2.105783563504171063e+00
2.100027071223703246e+00
2.094293299191770430e+00
2.088582132908626932e+00
2.082893458522725005e+00
2.077227162827141704e+00
2.071583133256043041e+00
2.065961257881142821e+00
2.060361425408174796e+00
2.054783525173391467e+00
2.049227447140049563e+00
2.043693081894932817e+00
2.038180320644878307e+00
2.032689055213302787e+00
2.027219178036763658e+00
2.021770582161519059e+00
2.016343161240100379e+00
2.010936809527905211e+00
2.005551421879799179e+00
2.000186893746724870e+00
1.994843121172344746e+00
1.989520000789671839e+00
1.984217429817721312e+00
1.978935306058193566e+00
1.973673527892149115e+00
1.968431994276706343e+00
1.963210604741748133e+00
1.958009259386652490e+00
1.952827858877028921e+00
1.947666304441469043e+00
1.942524497868315825e+00
1.937402341502434178e+00
1.932299738242023723e+00
1.927216591535408030e+00
1.922152805377874030e+00
1.917108284308496780e+00
1.912082933406998420e+00
1.907076658290613347e+00
1.902089365110967156e+00
1.897120960550964908e+00
1.892171351821717140e+00
1.887240446659448567e+00
1.882328153322444519e+00
1.877434380587997831e+00
1.872559037749381039e+00
1.867702034612827022e+00
1.862863281494526513e+00
1.858042689217633159e+00
1.853240169109302782e+00
1.848455632997717979e+00
1.843688993209151361e+00
1.838940162565038561e+00
1.834209054379054793e+00
1.829495582454218949e+00
1.824799661080002577e+00
1.820121205029464617e+00
1.815460129556385249e+00
1.810816350392434382e+00
1.806189783744334809e+00
1.801580346291048462e+00
1.796987955180988417e+00
1.792412528029218466e+00
1.787853982914693995e+00
1.783312238377506853e+00
1.778787213416142210e+00
1.774278827484748300e+00
1.769787000490434137e+00
1.765311652790557906e+00
1.760852705190062428e+00
1.756410078938787533e+00
1.751983695728835277e+00
1.747573477691912514e+00
1.743179347396714540e+00
1.738801227846312525e+00
1.734439042475559578e+00
1.730092715148499494e+00
1.725762170155805020e+00
1.721447332212225234e+00
1.717148126454033807e+00
1.712864478436521232e+00
1.708596314131463068e+00
1.704343559924637042e+00
1.700106142613330817e+00
1.695883989403868863e+00
1.691677027909167741e+00
1.687485186146280292e+00
1.683308392533981124e+00
1.679146575890335225e+00
1.674999665430310980e+00
1.670867590763381205e+00
1.666750281891161478e+00
1.662647669205036483e+00
1.658559683483824099e+00
1.654486255891433277e+00
1.650427317974553443e+00
1.646382801660339901e+00
1.642352639254120117e+00
1.638336763437125754e+00
1.634335107264210940e+00
1.630347604161606956e+00
1.626374187924680470e+00
1.622414792715708209e+00
1.618469353061655180e+00
1.614537803851989306e+00
1.610620080336472082e+00
1.606716118122999415e+00
1.602825853175434467e+00
1.598949221811457821e+00
1.595086160700424749e+00
1.591236606861252678e+00
1.587400497660297560e+00
1.583577770809265761e+00
1.579768364363115296e+00
1.575972216717992147e+00
1.572189266609165248e+00
1.568419453108972128e+00
1.564662715624788092e+00
1.560918993897001616e+00
1.557188227996992858e+00
1.553470358325143685e+00
1.549765325608845945e+00
1.546073070900519930e+00
1.542393535575655950e+00
1.538726661330857670e+00
1.535072390181902335e+00
1.531430664461815194e+00
1.527801426818943042e+00
1.524184620215060626e+00
1.520580187923470383e+00
1.516988073527115066e+00
1.513408220916714342e+00
1.509840574288904946e+00
1.506285078144383949e+00
1.502741677286083988e+00
1.499210316817338295e+00
1.495690942140069257e+00
1.492183498952988963e+00
1.488687933249797979e+00
1.485204191317416100e+00
1.481732219734198441e+00
1.478271965368190610e+00
1.474823375375367451e+00
1.471386397197903761e+00
1.467960978562447227e+00
1.464547067478394915e+00
1.461144612236195961e+00
1.457753561405653375e+00
1.454373863834239167e+00
1.451005468645420127e+00
1.447648325236995603e+00
1.444302383279441937e+00
1.440967592714275991e+00
1.437643903752412466e+00
1.434331266872550081e+00
1.431029632819552866e+00
1.427738952602854550e+00
1.424459177494857176e+00
1.421190259029360359e+00
1.417932148999974551e+00
1.414684799458573394e+00
1.411448162713729193e+00
1.408222191329176365e+00
1.405006838122276225e+00
1.401802056162488430e+00
1.398607798769866406e+00
1.395424019513545666e+00
1.392250672210248563e+00
1.389087710922798813e+00
1.385935089958651556e+00
1.382792763868412322e+00
1.379660687444394629e+00
1.376538815719158038e+00
1.373427103964076856e+00
1.370325507687904398e+00
1.367233982635357226e+00
1.364152484785693176e+00
1.361080970351315145e+00
1.358019395776377536e+00
1.354967717735391375e+00
1.351925893131855183e+00
1.348893879096884074e+00
1.345871632987843736e+00
1.342859112387012832e+00
1.339856275100224092e+00
1.336863079155540035e+00
1.333879482801925587e+00
1.330905444507927360e+00
1.327940922960366699e+00
1.324985877063041606e+00
1.322040265935427783e+00
1.319104048911395655e+00
1.316177185537942496e+00
1.313259635573909900e+00
1.310351358988736781e+00
1.307452315961198153e+00
1.304562466878164795e+00
1.301681772333368681e+00
1.298810193126167967e+00
1.295947690260334184e+00
1.293094224942832771e+00
1.290249758582623141e+00
1.287414252789455205e+00
1.284587669372683649e+00
1.281769970340084885e+00
1.278961117896681987e+00
1.276161074443575405e+00
1.273369802576785226e+00
1.270587265086093431e+00
1.267813424953910584e+00
1.265048245354122081e+00
1.262291689650968163e+00
1.259543721397915927e+00
1.256804304336542444e+00
1.254073402395428527e+00
1.251350979689057841e+00
1.248637000516707118e+00
1.245931429361379017e+00
1.243234230888705882e+00
1.240545369945879495e+00
1.237864811560584810e+00
1.235192520939932814e+00
1.232528463469417579e+00
1.229872604711855777e+00
1.227224910406351954e+00
1.224585346467269131e+00
1.221953878983190966e+00
1.219330474215907012e+00
1.216715098599397082e+00
1.214107718738820507e+00
1.211508301409518706e+00
1.208916813556014658e+00
1.206333222291027019e+00
1.203757494894487801e+00
1.201189598812561821e+00
1.198629501656679031e+00
1.196077171202573064e+00
1.193532575389314454e+00
1.190995682318368276e+00
1.188466460252642021e+00
1.185944877615546789e+00
1.183430902990067368e+00
1.180924505117824763e+00
1.178425652898164477e+00
1.175934315387230589e+00
1.173450461797065580e+00
1.170974061494696850e+00
1.168505084001237870e+00
1.166043498991003124e+00
1.163589276290608820e+00
1.161142385878102923e+00
1.158702797882076085e+00
1.156270482580802783e+00
1.153845410401365568e+00
1.151427551918802417e+00
1.149016877855250085e+00
1.146613359079092342e+00
1.144216966604119756e+00
