2.828427124746189403e+00
2.799181266238485399e+00
2.741939948852926801e+00
2.686644142657295564e+00
2.633537587571606942e+00
2.582780513003935408e+00
2.534461602393232038e+00
2.488610108793947173e+00
2.445207467537081847e+00
2.404197964817083477e+00
2.365498202013396778e+00
2.329005239452659026e+00
2.294603410532805920e+00
2.262169871413906019e+00
2.231578998237786937e+00
2.202705768931281227e+00
2.175428275639889275e+00
2.149629511584354447e+00
2.125198566608142769e+00
2.102031351975101714e+00
2.080030959358907250e+00
2.059107743027098980e+00
2.039179198999288900e+00
2.020169701067508150e+00
2.002010141315715419e+00
1.984637512261640424e+00
1.967994458924793966e+00
1.952028821873195596e+00
1.936693186447815407e+00
1.921944448720725784e+00
1.907743405124531888e+00
1.894054369922485215e+00
1.880844822614119005e+00
1.868085085853551375e+00
1.855748033380297812e+00
1.843808826728105865e+00
1.832244679005869070e+00
1.821034643771253680e+00
1.810159426890356693e+00
1.799601219254593154e+00
1.789343548277262830e+00
1.779371146192346043e+00
1.769669833308575635e+00
1.760226414518945459e+00
1.751028587519577240e+00
1.742064861345145932e+00
1.733324483976064201e+00
1.724797377912179908e+00
1.716474082736989981e+00
1.708345703814408312e+00
1.700403866366638317e+00
1.692640674276973733e+00
1.685048673045828505e+00
1.677620816402749071e+00
1.670350436142370887e+00
1.663231214809167469e+00
1.656257160905210579e+00
1.649422586337905727e+00
1.642722085861566761e+00
1.636150518298473910e+00
1.629702989352389109e+00
1.623374835850996289e+00
1.617161611273913335e+00
1.611059072440239603e+00
1.605063167244527245e+00
1.599170023342876501e+00
1.593375937701916323e+00
1.587677366933005985e+00
1.582070918342264099e+00
1.576553341634245875e+00
1.571121521213365790e+00
1.565772469032676639e+00
1.560503317944445190e+00
1.555311315511243908e+00
1.550193818240063193e+00
1.545148286205320520e+00
1.540172278029659392e+00
1.535263446194133685e+00
1.530419532651806414e+00
1.525638364720996565e+00
1.520917851236397667e+00
1.516255978938108706e+00
1.511650809080262281e+00
1.507100474242444976e+00
1.502603175328482754e+00
1.498157178738424022e+00
1.493760813700709678e+00
1.489412469752572132e+00
1.485110594357700764e+00
1.480853690651072752e+00
1.476640315301704476e+00
1.472469076484805406e+00
1.468338631955529161e+00
1.464247687217145932e+00
1.460194993777047312e+00
1.456179347484529485e+00
1.452199586944813436e+00
1.448254592004178720e+00
1.444343282301545406e+00
1.440464615882190769e+00
1.436617587869646995e+00
1.432801229192153913e+00
1.429014605360324763e+00
1.425256815292959445e+00
1.421526990188182182e+00
1.417824292437309897e+00
1.414147914579060528e+00
1.410497078291901074e+00
1.406871033422512740e+00
1.403269057048494917e+00
1.399690452573591815e+00
1.396134548853838142e+00
1.392600699353162330e+00
1.389088281327068852e+00
1.385596695033148862e+00
1.382125362967236759e+00
1.378673729124129999e+00
1.375241258281854950e+00
1.371827435308534238e+00
1.368431764490980695e+00
1.365053768884184615e+00
1.361692989680931776e+00
1.358348985600827064e+00
1.355021332298042891e+00
1.351709621787153814e+00
1.348413461886454057e+00
1.345132475678190609e+00
1.341866300985167459e+00
1.338614589863215576e+00
1.335377008109034369e+00
1.332153234782948115e+00
1.328942961746132356e+00
1.325745893211886850e+00
1.322561745310550929e+00
1.319390245667673600e+00
1.316231132995066222e+00
1.313084156694372950e+00
1.309949076472818774e+00
1.306825661970798302e+00
1.303713692400979118e+00
1.300612956198612169e+00
1.297523250682738549e+00
1.294444381728005355e+00
1.291376163446797731e+00
1.288318417881414435e+00
1.285270974706009595e+00
1.282233670938046188e+00
1.279206350658993685e+00
1.276188864744026263e+00
1.273181070600475362e+00
1.270182831914795862e+00
1.267194018407815648e+00
1.264214505598037608e+00
1.261244174572775822e+00
1.258282911766903434e+00
1.255330608749003041e+00
1.252387162014712896e+00
1.249452472787059509e+00
1.246526446823587708e+00
1.243608994230085640e+00
1.240700029280718431e+00
1.237799470244384858e+00
1.234907239217116981e+00
1.232023261960343063e+00
1.229147467744839517e+00
1.226279789200211523e+00
1.223420162169722936e+00
1.220568525570326690e+00
1.217724821257733403e+00
1.214888993896360070e+00
1.212060990834018970e+00
1.209240761981189571e+00
1.206428259694738436e+00
1.203623438665943013e+00
1.200826255812687426e+00
1.198036670175693708e+00
1.195254642818661894e+00
1.192480136732197327e+00
1.189713116741389909e+00
1.186953549416945641e+00
1.184201402989732976e+00
1.181456647268650961e+00
1.178719253561694158e+00
1.175989194600116639e+00
1.173266444465585367e+00
1.170550978520230379e+00
1.167842773339482720e+00
1.165141806647611800e+00
1.162448057255870193e+00
1.159761505003152893e+00
1.157082130699083056e+00
1.154409916069444764e+00
1.151744843703874421e+00
1.149086897005736407e+00
1.146436060144100599e+00
1.143792318007750719e+00
1.141155656161151777e+00
1.138526060802299344e+00
1.135903518722392036e+00
1.133288017267250813e+00
1.130679544300433159e+00
1.128078088167967286e+00
1.125483637664657088e+00
1.122896182001890342e+00
1.120315710776906393e+00
1.117742213943452967e+00
1.115175681783793893e+00
1.112616104882010015e+00
1.110063474098542891e+00
1.107517780545938857e+00
1.104979015565742406e+00
1.102447170706498669e+00
1.099922237702819716e+00
1.097404208455472929e+00
1.094893075012453032e+00
1.092388829550998697e+00
1.089891464360515982e+00
1.087400971826373297e+00
1.084917344414530804e+00
1.082440574656975851e+00
1.079970655137925339e+00
1.077507578480770389e+00
1.075051337335728219e+00
1.072601924368176363e+00
1.070159332247634820e+00
1.067723553637380363e+00
1.065294581184652811e+00
1.062872407511440853e+00
1.060457025205815862e+00
1.058048426813792187e+00
1.055646604831694146e+00
1.053251551699003086e+00
1.050863259791668280e+00
1.048481721415861490e+00
1.046106928802150726e+00
1.043738874100081926e+00
1.041377549373146305e+00
1.039022946594115870e+00
1.036675057640734421e+00
1.034333874291742950e+00
1.031999388223229008e+00
1.029671591005283604e+00
1.027350474098948085e+00
1.025036028853445025e+00
1.022728246503671778e+00
1.020427118167950509e+00
1.018132634846020235e+00
1.015844787417256034e+00
1.013563566639112734e+00
1.011288963145772213e+00
1.009020967446993211e+00
1.006759569927147213e+00
1.004504760844434630e+00
1.002256530330269735e+00
1.000014868388828582e+00
9.977797648967511313e-01
9.955512096029836000e-01
9.933291921287632498e-01
9.911137019677310755e-01
9.889047284861681719e-01
9.867022609233468966e-01
9.845062883919932784e-01
9.823167998788530086e-01
9.801337842453547999e-01
9.779572302283637830e-01
9.757871264410249434e-01
9.736234613736852728e-01
9.714662233948920811e-01
9.693154007524643623e-01
9.671709815746306615e-01
9.650329538712267841e-01
9.629013055349576744e-01
9.607760243427054814e-01
9.586570979568964646e-01
9.565445139269094232e-01
9.544382596905283123e-01
9.523383225754371573e-01
9.502446898007487208e-01
9.481573484785690287e-01
9.460762856155925382e-01
9.440014881147251735e-01
9.419329427767320073e-01
9.398706363019098120e-01
9.378145552917783734e-01
9.357646862507914554e-01
9.337210155880626417e-01
9.316835296191068316e-01
9.296522145675930604e-01
9.276270565671057566e-01
9.256080416629191010e-01
9.235951558137722728e-01
9.215883848936544664e-01
9.195877146935924618e-01
9.175931309234381938e-01
9.156046192136597650e-01
9.136221651171314573e-01
9.116457541109211915e-01
9.096753715980748778e-01
9.077110029093993226e-01
9.057526333052369205e-01
9.038002479772363484e-01
9.018538320501156003e-01
8.999133705834185815e-01
8.979788485732603798e-01
8.960502509540665406e-01
8.941275626002994636e-01
8.922107683281755852e-01
8.902998528973714576e-01
8.883948010127159511e-01
8.864955973258726862e-01
8.846022264370064780e-01
8.827146728964380129e-01
8.808329212062853131e-01
8.789569558220879930e-01
8.770867611544196363e-01
8.752223215704834081e-01
8.733636213956917915e-01
8.715106449152333346e-01
8.696633763756190794e-01
8.678217999862165577e-01
8.659858999207648012e-01
8.641556603188744745e-01
8.623310652875089133e-01
8.605120989024499512e-01
8.586987452097463169e-01
8.568909882271430467e-01
8.550888119454962411e-01
8.532922003301673941e-01
8.515011373224024016e-01
8.497156068406908069e-01
8.479355927821093930e-01
8.461610790236469004e-01
8.443920494235110930e-01
8.426284878224171715e-01
8.408703780448618659e-01
8.391177039003742122e-01
8.373704491847534515e-01
8.356285976812871663e-01
8.338921331619517652e-01
8.321610393885958690e-01
8.304353001141056012e-01
8.287148990835532247e-01
8.269998200353271267e-01
8.252900467022459274e-01
8.235855628126551586e-01
8.218863520915044019e-01
8.201923982614115483e-01
8.185036850437075184e-01
8.168201961594635518e-01
8.151419153305035081e-01
8.134688262803996261e-01
8.118009127354502974e-01
8.101381584256428514e-01
8.084805470855997989e-01
8.068280624555089764e-01
8.051806882820373712e-01
8.035384083192305127e-01
8.019012063293944337e-01
8.002690660839629766e-01
7.986419713643511109e-01
7.970199059627905980e-01
7.954028536831522223e-01
7.937907983417525903e-01
7.921837237681472743e-01
7.905816138059073017e-01
7.889844523133828780e-01
7.873922231644526759e-01
7.858049102492586924e-01
7.842224974749271160e-01
7.826449687662753174e-01
7.810723080665064044e-01
7.795044993378875686e-01
7.779415265624187725e-01
7.763833737424860049e-01
7.748300249015013241e-01
7.732814640845309118e-01
7.717376753589110239e-01
7.701986428148497321e-01
7.686643505660181175e-01
7.671347827501281413e-01
7.656099235294986372e-01
7.640897570916096448e-01
7.625742676496454209e-01
7.610634394430246807e-01
7.595572567379209605e-01
7.580557038277702109e-01
7.565587650337681769e-01
7.550664247053574529e-01
7.535786672207018810e-01
7.520954769871518453e-01
7.506168384416983530e-01
7.491427360514173461e-01
7.476731543139032432e-01
7.462080777576920454e-01
7.447474909426763379e-01
7.432913784605075236e-01
7.418397249349921729e-01
7.403925150224749396e-01
7.389497334122148153e-01
7.375113648267520583e-01
7.360773940222637979e-01
7.346478057889136437e-01
7.332225849511904148e-01
7.318017163682384307e-01
7.303851849341808089e-01
7.289729755784323251e-01
7.275650732660045028e-01
7.261614629978037083e-01
7.247621298109202526e-01
7.233670587789093886e-01
7.219762350120646488e-01
7.205896436576836317e-01
7.192072699003274616e-01
7.178290989620700335e-01
7.164551161027420401e-01
7.150853066201680042e-01
7.137196558503946520e-01
7.123581491679136235e-01
7.110007719858766340e-01
7.096475097563044176e-01
7.082983479702882335e-01
7.069532721581863743e-01
7.056122678898115730e-01
7.042753207746152988e-01
7.029424164618641724e-01
7.016135406408087194e-01
7.002886790408499040e-01
6.989678174316958925e-01
6.976509416235162631e-01
6.963380374670876671e-01
6.950290908539360490e-01
6.937240877164719821e-01
6.924230140281206758e-01
6.911258558034482080e-01
6.898325990982803191e-01
6.885432300098175418e-01
6.872577346767446693e-01
6.859760992793348944e-01
6.846983100395503952e-01
6.834243532211365935e-01
6.821542151297125267e-01
6.808878821128560022e-01
6.796253405601855313e-01
6.783665769034357140e-01
6.771115776165300693e-01
6.758603292156482034e-01
6.746128182592903144e-01
6.733690313483352563e-01
6.721289551260970496e-01
6.708925762783749525e-01
6.696598815335016441e-01
6.684308576623864129e-01
6.672054914785549018e-01
6.659837698381844140e-01
6.647656796401365531e-01
6.635512078259863111e-01
6.623403413800459383e-01
6.611330673293880356e-01
6.599293727438628743e-01
6.587292447361130510e-01
6.575326704615863660e-01
6.563396371185428180e-01
6.551501319480603769e-01
6.539641422340376486e-01
6.527816553031922098e-01
6.516026585250581649e-01
6.504271393119773759e-01
6.492550851190910244e-01
6.480864834443276212e-01
6.469213218283871303e-01
6.457595878547228718e-01
6.446012691495223157e-01
6.434463533816825453e-01
6.422948282627859440e-01
6.411466815470707736e-01
6.400019010314016432e-01
6.388604745552365349e-01
6.377223900005911661e-01
6.365876352920012415e-01
6.354561983964839289e-01
6.343280673234938938e-01
6.332032301248813333e-01
6.320816748948444586e-01
6.309633897698808669e-01
6.298483629287386920e-01
6.287365825923627582e-01
6.276280370238417339e-01
6.265227145283506216e-01
6.254206034530945812e-01
6.243216921872473124e-01
6.232259691618907693e-01
6.221334228499513230e-01
6.210440417661352575e-01
6.199578144668612678e-01
6.188747295501936252e-01
6.177947756557712333e-01
6.167179414647366853e-01
6.156442156996629889e-01
6.145735871244805137e-01
6.135060445443988320e-01
6.124415768058326659e-01
6.113801727963201760e-01
6.103218214444452450e-01
6.092665117197553215e-01
6.082142326326789306e-01
6.071649732344421846e-01
6.061187226169845177e-01
6.050754699128702008e-01
6.040352042952037426e-01
6.029979149775400726e-01
6.019635912137950573e-01
6.009322222981547945e-01
5.999037975649849086e-01
5.988783063887364033e-01
5.978557381838531803e-01
5.968360824046771151e-01
5.958193285453520227e-01
5.948054661397274012e-01
5.937944847612617316e-01
5.927863740229231126e-01
5.917811235770907841e-01
5.907787231154554286e-01
5.897791623689183638e-01
5.887824311074895123e-01
5.877885191401859277e-01
5.867974163149283218e-01
5.858091125184378134e-01
5.848235976761317900e-01
5.838408617520179922e-01
5.828608947485900416e-01
5.818836867067200824e-01
5.809092277055530884e-01
5.799375078623983937e-01
5.789685173326222234e-01
5.780022463095396690e-01
5.770386850243042209e-01
5.760778237457995221e-01
5.751196527805286784e-01
5.741641624725040138e-01
5.732113432031358258e-01
5.722611853911209190e-01
5.713136794923315831e-01
5.703688159997025720e-01
5.694265854431176388e-01
5.684869783892990691e-01
5.675499854416917733e-01
5.666155972403508212e-01
5.656838044618275330e-01
5.647545978190547933e-01
5.638279680612319211e-01
5.629039059737108719e-01
5.619824023778806632e-01
5.610634481310510235e-01
5.601470341263381503e-01
5.592331512925479142e-01
5.583217905940597303e-01
5.574129430307109834e-01
5.565065996376796775e-01
5.556027514853681959e-01
5.547013896792862830e-01
5.538025053599338055e-01
5.529060897026848442e-01
5.520121339176681241e-01
5.511206292496521053e-01
5.502315669779257457e-01
5.493449384161814830e-01
5.484607349123979958e-01
5.475789478487214090e-01
5.466995686413480549e-01
5.458225887404072330e-01
5.449479996298417506e-01
5.440757928272912380e-01
5.432059598839735770e-01
5.423384923845667727e-01
5.414733819470918252e-01
5.406106202227928259e-01
5.397501988960209385e-01
5.388921096841156055e-01
5.380363443372856436e-01
5.371828946384931136e-01
5.363317524033336392e-01
5.354829094799195000e-01
5.346363577487620589e-01
5.337920891226527464e-01
5.329500955465470424e-01
5.321103689974452378e-01
5.312729014842760833e-01
5.304376850477792171e-01
5.296047117603871479e-01
5.287739737261086814e-01
5.279454630804116810e-01
5.271191719901053840e-01
5.262950926532250495e-01
5.254732172989134975e-01
5.246535381873059789e-01
5.238360476094126028e-01
5.230207378870022072e-01
5.222076013724871180e-01
5.213966304488062420e-01
5.205878175293091603e-01
5.197811550576408868e-01
5.189766355076262938e-01
5.181742513831550934e-01
5.173739952180654855e-01
5.165758595760309158e-01
5.157798370504442786e-01
5.149859202643030098e-01
5.141941018700966204e-01
5.134043745496895683e-01
5.126167310142105693e-01
5.118311640039361343e-01
5.110476662881789922e-01
5.102662306651739588e-01
5.094868499619648050e-01
5.087095170342917916e-01
5.079342247664792032e-01
5.071609660713224388e-01
5.063897338899765455e-01
5.056205211918439746e-01
5.048533209744628936e-01
5.040881262633962745e-01
5.033249301121209829e-01
5.025637256019153121e-01
5.018045058417510695e-01
5.010472639681806672e-01
5.002919931452287639e-01
4.995386865642821861e-01
4.987873374439795726e-01
4.980379390301034048e-01
4.972904845954696507e-01
4.965449674398208502e-01
4.958013808897161478e-01
4.950597182984236566e-01
4.943199730458133767e-01
4.935821385382489490e-01
4.928462082084798523e-01
4.921121755155362099e-01
4.913800339446203203e-01
4.906497770070016862e-01
4.899213982399098777e-01
4.891948912064295607e-01
