7.442319408650011070e-01
8.736177811538794913e+00
8.728217826525634493e+00
8.720289677356019453e+00
8.712393231051827058e+00
8.704528352799119517e+00
8.696694905973110679e+00
8.688892752225264360e+00
8.681121751552240084e+00
8.673381762363721492e+00
8.665672641549397426e+00
8.657994244544834572e+00
8.650346425396376659e+00
8.642729036819570609e+00
8.635141930260742171e+00
8.627584955995304838e+00
8.620057963141155355e+00
8.612560799736005634e+00
8.605093312796094907e+00
8.597655348373791639e+00
8.590246751614213139e+00
8.582867366810759790e+00
8.575517037459608360e+00
8.568195606177361867e+00
8.560902915102719390e+00
8.553638805697222125e+00
8.546403118809424271e+00
8.539195694730166153e+00
8.532016373258102249e+00
8.524864993746913200e+00
8.517741395151460893e+00
8.510645416073037595e+00
8.503576894803414277e+00
8.496535669368121546e+00
8.489521577568527988e+00
8.482534457023032104e+00
8.475574145207261267e+00
8.468640479471819305e+00
8.461733297143759103e+00
8.454852435502996144e+00
8.447997731836618840e+00
8.441169023475518784e+00
8.434366147828821880e+00
8.427588942417539641e+00
8.420837244907167118e+00
8.414110893139543634e+00
8.407409725163706327e+00
8.400733579265953210e+00
8.394082293998980759e+00
8.387455708210278971e+00
8.380853661061856030e+00
8.374275992065081553e+00
8.367722541128278735e+00
8.361193148544654008e+00
8.354687655031572291e+00
8.348205901753921410e+00
8.341747730346986245e+00
8.335312982938340554e+00
8.328901502169145488e+00
8.322513131214634541e+00
8.316147713803953678e+00
8.309805094239283818e+00
8.303485117414204808e+00
8.297187628831508732e+00
8.290912474620260042e+00
8.284659501547949390e+00
8.278428557030746759e+00
8.272219489190984376e+00
8.266032146820876392e+00
8.259866379414845028e+00
8.253722037182871674e+00
8.247598971063332840e+00
8.241497032735193073e+00
8.235416074629704042e+00
8.229355949941542292e+00
8.223316512639415876e+00
8.217297617476145177e+00
8.211299119998251683e+00
8.205320876555070697e+00
8.199362744307357787e+00
8.193424581235371207e+00
8.187506246146622146e+00
8.181607598677684834e+00
8.175728499299712126e+00
8.169868809360824713e+00
8.164028391045327737e+00
8.158207107396567181e+00
8.152404822322079525e+00
8.146621400598366591e+00
8.140856707875222753e+00
8.135110610679760157e+00
8.129382976420060913e+00
8.123673673388452698e+00
8.117982570764482375e+00
8.112309538617552107e+00
8.106654447909189543e+00
8.101017170495083519e+00
8.095397579126764498e+00
8.089795547453004332e+00
8.084210950020917608e+00
8.078643662276821402e+00
8.073093560562917048e+00
8.067560522110209575e+00
8.062044425083914945e+00
8.056545148530210199e+00
8.051062572394762640e+00
8.045596577522108106e+00
8.040147045654686409e+00
8.034713859431843019e+00
8.029296902388459500e+00
8.023896058953436494e+00
8.018511214448068358e+00
8.013142255084041210e+00
8.007789067961466500e+00
8.002451541066553986e+00
7.997129563269249175e+00
7.991823024320620306e+00
7.986531814850122757e+00
7.981255826362728456e+00
7.975994951235891861e+00
7.970749082716331202e+00
7.965518114916801728e+00
7.960301942812574971e+00
7.955100462223777313e+00
7.949913569845299399e+00
7.944741163227059033e+00
7.939583140757759949e+00
7.934439401669717284e+00
7.929309846034737319e+00
7.924194374759916393e+00
7.919092889583359884e+00
7.914005293069767966e+00
7.908931488606004478e+00
7.903871380396542357e+00
7.898824873458845097e+00
7.893791873618698496e+00
7.888772287505406489e+00
7.883766022547037622e+00
7.878772986965509872e+00
7.873793089771657705e+00
7.868826240760265378e+00
7.863872350505014097e+00
7.858931330353413180e+00
7.854003092421663723e+00
7.849087549589486734e+00
7.844184615494955715e+00
7.839294204529208443e+00
7.834416231828031485e+00
7.829550613256154534e+00
7.824697265452178030e+00
7.819856105766652021e+00
7.815027052276585451e+00
7.810210023780096655e+00
7.805404939790975938e+00
7.800611720533274784e+00
7.795830286935886200e+00
7.791060560627060205e+00
7.786302463929021478e+00
7.781555919852449321e+00
7.776820852091007374e+00
7.772097185015968357e+00
7.767384843670626537e+00
7.762683753764916261e+00
7.757993841669918567e+00
7.753315034412402440e+00
7.748647259669382059e+00
7.743990445762666930e+00
7.739344521653386266e+00
7.734709416936635940e+00
7.730085061835986870e+00
7.725471387198139084e+00
7.720868324487479839e+00
7.716275805780744790e+00
7.711693763761652498e+00
7.707122131715538060e+00
7.702560843519177247e+00
7.698009833631624943e+00
7.693469037129705868e+00
7.688938389652242300e+00
7.684417827413266622e+00
7.679907287196824583e+00
7.675406706351743935e+00
7.670916022786489208e+00
7.666435174963991628e+00
7.661964101896566959e+00
7.657502743140766732e+00
7.653051038792384020e+00
7.648608929481341079e+00
7.644176356366735980e+00
7.639753261131820850e+00
7.635339585979092014e+00
7.630935273625336634e+00
7.626540267296743281e+00
7.622154510724062249e+00
7.617777948137758770e+00
7.613410524263223955e+00
7.609052184316008827e+00
7.604702873997090329e+00
7.600362539488184410e+00
7.596031127447041342e+00
7.591708585002869825e+00
7.587394859751677600e+00
7.583089899751756846e+00
7.578793653519118934e+00
7.574506070023011794e+00
7.570227098681445277e+00
7.565956689356775122e+00
7.561694792346296268e+00
7.557441358374272333e+00
7.553196338628429096e+00
7.548959684704904305e+00
7.544731348622530476e+00
7.540511282818663119e+00
7.536299440144949457e+00
7.532095773863222377e+00
7.527900237641365067e+00
7.523712785549222737e+00
7.519533372054595155e+00
7.515361952019200764e+00
7.511198480694725177e+00
7.507042913718838584e+00
7.502895207111362375e+00
7.498755317270360266e+00
7.494623200968299592e+00
7.490498815348286321e+00
7.486382117920283186e+00
7.482273066557373120e+00
7.478171619492103517e+00
7.474077735312792292e+00
7.469991372959923659e+00
7.465912491722556332e+00
7.461841051234769040e+00
7.457777011472136230e+00
7.453720332748241084e+00
7.449670975711234711e+00
7.445628901340417549e+00
7.441594070942831429e+00
7.437566446149923571e+00
7.433545988914248781e+00
7.429532661506139668e+00
7.425526426510491440e+00
7.421527246823512947e+00
7.417535085649560322e+00
7.413549906497977737e+00
7.409571673170155748e+00
7.405600349771629176e+00
7.401635900722279615e+00
7.397678290720462790e+00
7.393727484754215595e+00
7.389783448098300234e+00
7.385846146311251914e+00
7.381915545232488718e+00
7.377991610979429460e+00
7.374074309944639971e+00
7.370163608793035337e+00
7.366259474459088352e+00
7.362361874144064622e+00
7.358470775313320722e+00
7.354586145693570387e+00
7.350707953270250172e+00
7.346836166284857583e+00
7.342970753232362924e+00
7.339111682858584729e+00
7.335258924157685989e+00
7.331412446369599323e+00
7.327572218977548957e+00
7.323738211705581591e+00
7.319910394516112362e+00
7.316088737607493009e+00
7.312273211411637774e+00
7.308463786591639533e+00
7.304660434039446315e+00
7.300863124873520071e+00
7.297071830436564710e+00
7.293286522293274565e+00
7.289507172228047338e+00
7.285733752242792960e+00
7.281966234554789530e+00
7.278204591594426454e+00
7.274448796003127882e+00
7.270698820631212200e+00
7.266954638535791489e+00
7.263216222978707393e+00
7.259483547424490091e+00
7.255756585538307490e+00
7.252035311183981925e+00
7.248319698421998858e+00
7.244609721484960296e+00
7.240905354841403074e+00
7.237206573132130671e+00
7.233513351184924112e+00
7.229825664014652986e+00
7.226143486821443140e+00
7.222466794988798178e+00
7.218795564081841754e+00
7.215129769845498586e+00
7.211469388202722541e+00
7.207814395252765571e+00
7.204164767269431557e+00
7.200520480699371006e+00
7.196881512160406835e+00
7.193247838439826403e+00
7.189619436492762361e+00
7.185996283440530874e+00
7.182378356569055988e+00
7.178765633327223838e+00
7.175158091325332776e+00
7.171555708333532841e+00
7.167958462280260790e+00
7.164366331250734632e+00
7.160779293485440178e+00
7.157197327378631790e+00
7.153620411476857122e+00
7.150048524477515599e+00
7.146481645227400037e+00
7.142919752721271109e+00
7.139362826100446036e+00
7.135810844651431673e+00
7.132263787804519417e+00
7.128721635132413859e+00
7.125184366348931597e+00
7.121651961307622791e+00
7.118124400000474417e+00
7.114601662556610862e+00
7.111083729241013174e+00
7.107570580453228537e+00
7.104062196726123268e+00
7.100558558724641145e+00
7.097059647244562619e+00
7.093565443211315547e+00
7.090075927678745060e+00
7.086591081827929628e+00
7.083110886966024644e+00
7.079635324525078488e+00
7.076164376060891215e+00
7.072698023251893673e+00
7.069236247880619217e+00
7.065779031876763483e+00
7.062326357287845191e+00
7.058878206271662847e+00
7.055434561103129276e+00
7.051995404173233339e+00
7.048560717987974122e+00
7.045130485167329759e+00
7.041704688365738818e+00
7.038283310403013360e+00
7.034866334338127025e+00
7.031453743236829368e+00
7.028045520273817459e+00
7.024641648731799748e+00
7.021242112000489755e+00
7.017846893575696576e+00
7.014455977058375424e+00
7.011069346153690596e+00
7.007686984670104202e+00
7.004308876518466676e+00
7.000935005711125036e+00
6.997565356361027611e+00
6.994199912680842957e+00
6.990838658982103659e+00
6.987481579674351018e+00
6.984128659264259298e+00
6.980779882354807064e+00
6.977435233644475154e+00
6.974094697926386921e+00
6.970758260087507985e+00
6.967425905107843320e+00
6.964097618059647665e+00
6.960773384106634154e+00
6.957453188503193608e+00
6.954137016593618270e+00
6.950824853811359283e+00
6.947516685678270854e+00
6.944212497803840201e+00
6.940912275884466354e+00
6.937616005702760269e+00
6.934323673126773002e+00
6.931035264109301153e+00
6.927750764687209184e+00
6.924470160980687794e+00
6.921193439192586006e+00
6.917920585607729933e+00
6.914651586592233556e+00
6.911386428584774144e+00
6.908125097563446282e+00
6.904867580690192241e+00
6.901613864649696062e+00
6.898363936204656710e+00
6.895117782195146816e+00
6.891875389538019370e+00
6.888636745226255798e+00
6.885401836328342462e+00
6.882170649987708444e+00
6.878943173422068291e+00
6.875719393922870459e+00
6.872499298840426540e+00
6.869282875618085704e+00
6.866070111772911488e+00
6.862860994885377153e+00
6.859655512606801508e+00
6.856453652658757392e+00
6.853255402832544085e+00
6.850060750988623326e+00
6.846869685056084620e+00
6.843682193032121219e+00
6.840498262981465238e+00
6.837317883035881394e+00
6.834141041102284930e+00
6.830967725520915579e+00
6.827797924836318977e+00
6.824631627443243254e+00
6.821468821800913851e+00
6.818309496432543249e+00
6.815153639924840689e+00
6.812001240927532564e+00
6.808852288152872134e+00
6.805706770375170578e+00
6.802564676430319146e+00
6.799425995215341523e+00
6.796290715687912432e+00
6.793158826865906441e+00
6.790030317826946771e+00
6.786905177707976300e+00
6.783783395704775288e+00
6.780664961071557251e+00
6.777549863120520435e+00
6.774438091221405500e+00
6.771329634801110053e+00
6.768224483343200149e+00
6.765122626387571003e+00
6.762024053529971823e+00
6.758928754421612339e+00
6.755836718457172374e+00
6.752747935564545223e+00
6.749662395703028395e+00
6.746580088741690240e+00
6.743501004603067450e+00
6.740425133262780477e+00
6.737352464749156944e+00
6.734282989142870157e+00
6.731216696576518110e+00
6.728153577234288640e+00
6.725093621351576623e+00
6.722036819214629588e+00
6.718983161160164030e+00
6.715932637575038555e+00
6.712885238895863083e+00
6.709840955608684432e+00
6.706799778248596411e+00
6.703761697399429842e+00
6.700726703693409725e+00
6.697694787810783978e+00
6.694665940479517907e+00
6.691640152474948700e+00
6.688617414619475454e+00
6.685597717782192362e+00
6.682581052878604488e+00
6.679567410870298261e+00
6.676556782637758758e+00
6.673549159077602155e+00
6.670544531570292257e+00
6.667542891258562143e+00
6.664544229329659508e+00
6.661548537015057114e+00
6.658555805590128607e+00
6.655566026359504228e+00
6.652579190698794775e+00
6.649595290014381987e+00
6.646614315754344027e+00
6.643636259409200662e+00
6.640661112511652142e+00
6.637688866636268337e+00
6.634719513399230273e+00
6.631753044458044144e+00
6.628789451511257091e+00
6.625828726298202298e+00
6.622870860598712994e+00
6.619915846232881762e+00
6.616963675060753225e+00
6.614014338982102892e+00
6.611067829936133400e+00
6.608124139901268457e+00
6.605183260894843755e+00
6.602245184972892922e+00
6.599309904229865076e+00
6.596377410798411667e+00
6.593447696763129251e+00
6.590520754138608162e+00
6.587596575449796710e+00
6.584675152979604817e+00
6.581756479047897734e+00
6.578840546011270440e+00
6.575927346262805173e+00
6.573016872231854713e+00
6.570109116383778591e+00
6.567204071219758355e+00
6.564301729276522224e+00
6.561402083126161244e+00
6.558505125375870826e+00
6.555610848667758894e+00
6.552719245678611415e+00
6.549830309119671234e+00
6.546944031736429359e+00
6.544060406308410016e+00
6.541179425648955714e+00
6.538301082605006087e+00
6.535425370056910488e+00
6.532552280918208609e+00
6.529681808135422649e+00
6.526813944687853919e+00
6.523948683587385666e+00
6.521086017878269026e+00
6.518225940636952487e+00
6.515368444971850970e+00
6.512513524023165523e+00
6.509661170962697696e+00
6.506811378853532446e+00
6.503964140882843026e+00
6.501119450503048292e+00
6.498277301010392470e+00
6.495437685731772604e+00
6.492600598024527159e+00
6.489766031276271718e+00
6.486933978904719567e+00
6.484104434357482738e+00
6.481277391111919250e+00
6.478452842674927048e+00
6.475630782582792122e+00
6.472811204400984231e+00
6.469994101724010349e+00
6.467179468175237034e+00
6.464367297406703905e+00
6.461557583098979762e+00
6.458750318960952086e+00
6.455945498729707133e+00
6.453143116170354965e+00
6.450343165075815399e+00
6.447545639266715867e+00
6.444750532591218217e+00
6.441957838924815327e+00
6.439167552170225406e+00
6.436379666257199261e+00
6.433594175142372862e+00
6.430811072809119011e+00
6.428030353267376817e+00
6.425252010553517579e+00
6.422476038730171588e+00
6.419702431878570259e+00
6.416931183881495748e+00
6.414162289062650402e+00
6.411395741644258628e+00
6.408631535818033242e+00
6.405869665801092516e+00
6.403110125835778099e+00
6.400352910189517353e+00
6.397598013154698116e+00
6.394845429048504393e+00
6.392095152212779574e+00
6.389347177013909196e+00
6.386601497842652186e+00
6.383858109114027179e+00
6.381117005267164188e+00
6.378378180765157168e+00
6.375641630094976087e+00
6.372907347767274189e+00
6.370175328316286745e+00
6.367445566299710258e+00
6.364718056298551474e+00
6.361992792916995043e+00
6.359269770782296050e+00
6.356548984544637904e+00
6.353830428877000891e+00
6.351114098475055592e+00
6.348399988057015442e+00
6.345688092363527488e+00
6.342978406157548044e+00
6.340270924224212123e+00
6.337565641370717096e+00
6.334862552426211657e+00
6.332161652241665273e+00
6.329462935689728731e+00
6.326766397645100071e+00
6.324072032803107035e+00
6.321379836340555336e+00
6.318689803215758793e+00
6.316001928408145005e+00
6.313316206918152318e+00
6.310632633767125910e+00
6.307951203997165024e+00
6.305271912671078560e+00
6.302594754872204774e+00
6.299919725704342888e+00
6.297246820291633185e+00
6.294576033778447766e+00
6.291907361329290183e+00
6.289240798128671983e+00
6.286576339381018563e+00
6.283913980310560810e+00
6.281253716161237399e+00
6.278595542196575785e+00
6.275939453699602488e+00
6.273285445972734742e+00
6.270633514337679237e+00
6.267983654135323768e+00
6.265335860725645745e+00
6.262690129487628710e+00
6.260046455819112232e+00
6.257404835136750165e+00
6.254765262875872978e+00
6.252127734490422917e+00
6.249492245452817230e+00
6.246858791253885990e+00
6.244227367402779727e+00
6.241597969426839754e+00
6.238970592871530663e+00
6.236345233300344404e+00
6.233721886294711467e+00
6.231100547390684419e+00
6.228481212100605013e+00
6.225863876226821247e+00
6.223248535421563865e+00
6.220635185354543850e+00
6.218023821712855614e+00
6.215414440200904167e+00
6.212807036540287875e+00
6.210201606469735403e+00
6.207598145745019558e+00
6.204996650138850711e+00
6.202397115440818176e+00
6.199799537457279186e+00
6.197203912011281624e+00
6.194610234942498295e+00
6.192018502107118572e+00
6.189428709377775562e+00
6.186840852643468835e+00
6.184254927809480940e+00
6.181670930797285912e+00
6.179088857544464908e+00
6.176508704004652905e+00
6.173930466147441010e+00
6.171354139958281415e+00
6.168779721438436781e+00
6.166207206604899405e+00
6.163636591490281091e+00
6.161067872142781177e+00
6.158501044618602371e+00
6.155936105003628533e+00
6.153373049392944161e+00
6.150811873896230964e+00
6.148252574638364720e+00
6.145695147759320243e+00
6.143139589414120749e+00
6.140585895772733060e+00
6.138034063020044506e+00
6.135484087355718152e+00
6.132935964951609975e+00
6.130389691917868866e+00
6.127845264659591784e+00
6.125302679435019826e+00
6.122761932516842975e+00
6.120223020192150365e+00
6.117685938762357445e+00
6.115150684543126935e+00
6.112617253864300437e+00
6.110085643069834482e+00
6.107555848517736585e+00
6.105027866579991525e+00
6.102501693642502723e+00
6.099977326105011421e+00
6.097454760381039840e+00
6.094933992897820119e+00
6.092415020096235700e+00
6.089897838430762711e+00
6.087382444369379364e+00
6.084868834393527770e+00
6.082357004998034000e+00
6.079846952691053019e+00
6.077338673994010954e+00
6.074832165441518939e+00
6.072327423581336703e+00
6.069824444974305067e+00
6.067323226194261565e+00
6.064823763828013803e+00
6.062326054475247084e+00
6.059830094748502205e+00
6.057335881273061773e+00
6.054843410686945759e+00
6.052352679640804034e+00
6.049863684797899488e+00
6.047376422834007670e+00
6.044890890437403463e+00
6.042407084308762499e+00
6.039925001161132734e+00
6.037444637719848295e+00
6.034965990722496620e+00
6.032489056918865167e+00
6.030013832956674591e+00
6.027540315657264891e+00
6.025068501873351856e+00
6.022598388402875536e+00
6.020129972055737078e+00
6.017663249653656621e+00
6.015198218030181287e+00
6.012734874030573273e+00
6.010273214511812512e+00
6.007813236342510521e+00
6.005354936402855337e+00
6.002898311584583091e+00
6.000443358790888304e+00
5.997990074936415006e+00
5.995538456947168804e+00
5.993088501760473363e+00
5.990640206324941097e+00
5.988193567600388789e+00
5.985748582557813613e+00
5.983305248179322966e+00
5.980863561458101607e+00
5.978423519398344155e+00
5.975985119015226665e+00
5.973548357334826697e+00
5.971113231394106435e+00
5.968679738240841637e+00
5.966247874933578110e+00
5.963817638541593524e+00
5.961389026144837899e+00
5.958962034833884758e+00
5.956536661709897373e+00
5.954112903884567487e+00
5.951690758480058463e+00
5.949270222628997296e+00
5.946851293474393785e+00
5.944433968169590798e+00
5.942018243878248285e+00
5.939604117774269554e+00
5.937191587041778185e+00
5.934780648875046083e+00
5.932371300478477494e+00
5.929963539066542388e+00
5.927557361863733831e+00
5.925152766018165096e+00
5.922749748786954704e+00
5.920348307498001006e+00
5.917948439415478212e+00
5.915550141813358032e+00
5.913153411975403451e+00
5.910758247195080806e+00
5.908364644775541130e+00
5.905972602029584628e+00
5.903582116279593173e+00
5.901193184857508101e+00
5.898805805104784028e+00
5.896419974372337336e+00
5.894035690020539953e+00
5.891652949419114549e+00
5.889271749947158519e+00
5.886892088993069372e+00
5.884513963954501214e+00
5.882137372238338990e+00
5.879762311260665619e+00
5.877388778403387803e+00
5.875016771134533577e+00
5.872646286906459956e+00
5.870277323167653272e+00
5.867909877384033024e+00
5.865543947025945393e+00
5.863179529572667192e+00
5.860816622512338370e+00
5.858455223341923812e+00
5.856095329567206242e+00
5.853736938702709836e+00
5.851380048271681567e+00
5.849024655806050355e+00
5.846670758846409299e+00
5.844318354941929528e+00
5.841967441650393944e+00
5.839618016538076439e+00
5.837270077179781858e+00
5.834923621158772278e+00
5.832578646066730599e+00
5.830235149503731229e+00
5.827893129078201007e+00
5.825552582406897884e+00
5.823213507114854082e+00
5.820875900835343231e+00
5.818539761209876815e+00
5.816205085888121573e+00
5.813871872476542357e+00
5.811540118609886285e+00
5.809209822044622662e+00
5.806880980462796771e+00
5.804553591554470593e+00
5.802227653017663300e+00
5.799903162558352143e+00
5.797580117890394291e+00
5.795258516735558807e+00
5.792938356823413848e+00
5.790619635891363082e+00
5.788302351684569302e+00
5.785986501955945549e+00
5.783672084466107144e+00
5.781359096983353929e+00
5.779047537283621416e+00
5.776737403150460359e+00
5.774428692375004779e+00
5.772121402755942654e+00
5.769815532099463518e+00
5.767511078219255793e+00
5.765208038936458834e+00
5.762906412079636276e+00
5.760606195484737846e+00
5.758307386995093147e+00
5.756009984461339712e+00
5.753713985741434556e+00
5.751419388700591995e+00
5.749126191211279213e+00
5.746834391153159416e+00
5.744543986413090941e+00
5.742254974885069529e+00
5.739967354470217664e+00
5.737681123076754375e+00
5.735396278619947275e+00
5.733112819022116113e+00
5.730830742212564388e+00
5.728550046127583784e+00
5.726270728710407987e+00
5.723992787911182489e+00
5.721716221686957482e+00
5.719441028001637228e+00
5.717167204825938320e+00
5.714894750137408330e+00
5.712623661920368079e+00
5.710353938165873444e+00
5.708085576871708255e+00
5.705818576042355872e+00
5.703552933688952997e+00
5.701288647829283462e+00
5.699025716487742699e+00
5.696764137693672403e+00
5.694503909370340899e+00
5.692245029677646784e+00
5.689987496666167210e+00
5.687731308392943497e+00
5.685476462921482010e+00
5.683222958321695550e+00
5.680970792669907787e+00
5.678719964048817737e+00
5.676470470547458014e+00
5.674222310261192170e+00
5.671975481291668508e+00
5.669729981746817415e+00
5.667485809740811398e+00
5.665242963394034881e+00
5.663001440833059341e+00
5.660761240190644195e+00
5.658522359605677288e+00
5.656284797223162464e+00
5.654048551194213346e+00
5.651813619675999156e+00
5.649580000831728732e+00
5.647347692830649635e+00
5.645116693847989531e+00
5.642887002064945534e+00
5.640658615668681541e+00
5.638431532852261618e+00
5.636205751814662435e+00
5.633981270760728854e+00
5.631758087901170384e+00
5.629536201452505217e+00
5.627315609637082439e+00
5.625096310683001199e+00
5.622878302824142693e+00
5.620661584300119529e+00
5.618446153356249972e+00
5.616232008243546403e+00
5.614019147218680672e+00
5.611807568543980551e+00
5.609597270487384435e+00
5.607388251322431572e+00
5.605180509328233640e+00
5.602974042789470310e+00
5.600768849996335064e+00
5.598564929244551180e+00
5.596362278835298021e+00
5.594160897075256322e+00
5.591960782276525599e+00
5.589761932756633911e+00
5.587564346838509444e+00
5.585368022850469849e+00
5.583172959126170731e+00
5.580979154004611864e+00
5.578786605830116763e+00
5.576595312952290939e+00
5.574405273698482155e+00
5.572216486380964895e+00
5.570028949440441579e+00
5.567842661247485836e+00
5.565657620177862697e+00
5.563473824612498397e+00
5.561291272937473273e+00
5.559109963543992450e+00
5.556929894828364525e+00
5.554751065191994464e+00
5.552573473041340080e+00
5.550397116787920915e+00
5.548221994848264949e+00
5.546048105643931692e+00
5.543875447601436690e+00
5.541704019152291494e+00
5.539533818732930825e+00
5.537364844784737450e+00
5.535197095752566021e+00
5.533030570087142053e+00
5.530865266246371093e+00
5.528701182691145632e+00
5.526538317887184526e+00
5.524376670305020554e+00
5.522216238419975554e+00
5.520057020712160423e+00
5.517899015666418272e+00
5.515742221772352849e+00
5.513586637524268141e+00
5.511432261421171930e+00
5.509279091966752695e+00
5.507127127669370736e+00
5.504976367042016427e+00
5.502826808602308439e+00
5.500678450872485747e+00
5.498531292379355229e+00
5.496385331654317419e+00
5.494240567233309669e+00
5.492096997656810586e+00
5.489954621469813389e+00
5.487813437221824131e+00
5.485673443466809296e+00
5.483534638763216229e+00
5.481397021673934944e+00
5.479260590766283023e+00
5.477125344611992297e+00
5.474991281787192854e+00
5.472858400872381068e+00
5.470726700452432034e+00
5.468596179116540945e+00
5.466466835458255957e+00
5.464338668075403582e+00
5.462211675570136649e+00
5.460085856548857919e+00
5.457961209622236964e+00
5.455837733405196843e+00
5.453715426516862586e+00
5.451594287580594944e+00
5.449474315223930887e+00
5.447355508014923409e+00
5.445237864627378244e+00
5.443121383727011597e+00
5.441006063957972927e+00
5.438891903968528396e+00
5.436778902411024461e+00
5.434667057941903856e+00
5.432556369221661186e+00
5.430446834914845589e+00
5.428338453690029652e+00
5.426231224219812077e+00
5.424125145180786589e+00
5.422020215253525954e+00
5.419916433122594412e+00
5.417813797476487281e+00
5.415712307007639836e+00
5.413611960412423763e+00
5.411512756391108958e+00
5.409414693647851102e+00
5.407317770890705866e+00
5.405221986831577397e+00
5.403127340186206773e+00
5.401033829674181774e+00
5.398941454018906683e+00
5.396850211947582743e+00
5.394760102191207274e+00
5.392671123484532814e+00
5.390583274566098204e+00
5.388496554178153986e+00
5.386410961066705028e+00
5.384326493981462569e+00
5.382243151675836224e+00
5.380160932906916216e+00
5.378079836435476935e+00
5.375999861025944071e+00
5.373921005446386623e+00
5.371843268468495580e+00
5.369766648867591918e+00
5.367691145422581300e+00
5.365616756915964736e+00
5.363543482133818152e+00
5.361471319865769303e+00
5.359400268904998654e+00
5.357330328048213630e+00
5.355261496095641505e+00
5.353193771851004534e+00
5.351127154121531504e+00
5.349061641717915094e+00
5.346997233454323428e+00
5.344933928148360991e+00
