0.000000000000000000e+00
1.953000000000000000e+03
3.906000000000000000e+03
5.859000000000000000e+03
7.812000000000000000e+03
9.765000000000000000e+03
1.171800000000000000e+04
1.367100000000000000e+04
1.562400000000000000e+04
1.757700000000000000e+04
1.953000000000000000e+04
2.148300000000000000e+04
2.343600000000000000e+04
2.538900000000000000e+04
2.734200000000000000e+04
2.929500000000000000e+04
3.124800000000000000e+04
3.320100000000000000e+04
3.515400000000000000e+04
3.710700000000000000e+04
3.906000000000000000e+04
4.101300000000000000e+04
4.296600000000000000e+04
4.491900000000000000e+04
4.687200000000000000e+04
4.882500000000000000e+04
5.077800000000000000e+04
5.273100000000000000e+04
5.468400000000000000e+04
5.663700000000000000e+04
5.859000000000000000e+04
6.054300000000000000e+04
6.249600000000000000e+04
6.444900000000000000e+04
6.640200000000000000e+04
6.835500000000000000e+04
7.030800000000000000e+04
7.226100000000000000e+04
7.421400000000000000e+04
7.616700000000000000e+04
7.812000000000000000e+04
8.007300000000000000e+04
8.202600000000000000e+04
8.397900000000000000e+04
8.593200000000000000e+04
8.788500000000000000e+04
8.983800000000000000e+04
9.179100000000000000e+04
9.374400000000000000e+04
9.569700000000000000e+04
9.765000000000000000e+04
9.960300000000000000e+04
1.015560000000000000e+05
1.035090000000000000e+05
1.054620000000000000e+05
1.074150000000000000e+05
1.093680000000000000e+05
1.113210000000000000e+05
1.132740000000000000e+05
1.152270000000000000e+05
1.171800000000000000e+05
1.191330000000000000e+05
1.210860000000000000e+05
1.230390000000000000e+05
1.249920000000000000e+05
1.269450000000000000e+05
1.288980000000000000e+05
1.308510000000000000e+05
1.328040000000000000e+05
1.347570000000000000e+05
1.367100000000000000e+05
1.386630000000000000e+05
1.406160000000000000e+05
1.425690000000000000e+05
1.445220000000000000e+05
1.464750000000000000e+05
1.484280000000000000e+05
1.503810000000000000e+05
1.523340000000000000e+05
1.542870000000000000e+05
1.562400000000000000e+05
1.581930000000000000e+05
1.601460000000000000e+05
1.620990000000000000e+05
1.640520000000000000e+05
1.660050000000000000e+05
1.679580000000000000e+05
1.699110000000000000e+05
1.718640000000000000e+05
1.738170000000000000e+05
1.757700000000000000e+05
1.777230000000000000e+05
1.796760000000000000e+05
1.816290000000000000e+05
1.835820000000000000e+05
1.855350000000000000e+05
1.874880000000000000e+05
1.894410000000000000e+05
1.913940000000000000e+05
1.933470000000000000e+05
1.953000000000000000e+05
1.972530000000000000e+05
1.992060000000000000e+05
2.011590000000000000e+05
2.031120000000000000e+05
2.050650000000000000e+05
2.070180000000000000e+05
2.089710000000000000e+05
2.109240000000000000e+05
2.128770000000000000e+05
2.148300000000000000e+05
2.167830000000000000e+05
2.187360000000000000e+05
2.206890000000000000e+05
2.226420000000000000e+05
2.245950000000000000e+05
2.265480000000000000e+05
2.285010000000000000e+05
2.304540000000000000e+05
2.324070000000000000e+05
2.343600000000000000e+05
2.363130000000000000e+05
2.382660000000000000e+05
2.402190000000000000e+05
2.421720000000000000e+05
2.441250000000000000e+05
2.460780000000000000e+05
2.480310000000000000e+05
2.499840000000000000e+05
2.519370000000000000e+05
2.538900000000000000e+05
2.558430000000000000e+05
2.577960000000000000e+05
2.597490000000000000e+05
2.617020000000000000e+05
2.636550000000000000e+05
2.656080000000000000e+05
2.675610000000000000e+05
2.695140000000000000e+05
2.714670000000000000e+05
2.734200000000000000e+05
2.753730000000000000e+05
2.773260000000000000e+05
2.792790000000000000e+05
2.812320000000000000e+05
2.831850000000000000e+05
2.851380000000000000e+05
2.870910000000000000e+05
2.890440000000000000e+05
2.909970000000000000e+05
2.929500000000000000e+05
2.949030000000000000e+05
2.968560000000000000e+05
2.988090000000000000e+05
3.007620000000000000e+05
3.027150000000000000e+05
3.046680000000000000e+05
3.066210000000000000e+05
3.085740000000000000e+05
3.105270000000000000e+05
3.124800000000000000e+05
3.144330000000000000e+05
3.163860000000000000e+05
3.183390000000000000e+05
3.202920000000000000e+05
3.222450000000000000e+05
3.241980000000000000e+05
3.261510000000000000e+05
3.281040000000000000e+05
3.300570000000000000e+05
3.320100000000000000e+05
3.339630000000000000e+05
3.359160000000000000e+05
3.378690000000000000e+05
3.398220000000000000e+05
3.417750000000000000e+05
3.437280000000000000e+05
3.456810000000000000e+05
3.476340000000000000e+05
3.495870000000000000e+05
3.515400000000000000e+05
3.534930000000000000e+05
3.554460000000000000e+05
3.573990000000000000e+05
3.593520000000000000e+05
3.613050000000000000e+05
3.632580000000000000e+05
3.652110000000000000e+05
3.671640000000000000e+05
3.691170000000000000e+05
3.710700000000000000e+05
3.730230000000000000e+05
3.749760000000000000e+05
3.769290000000000000e+05
3.788820000000000000e+05
3.808350000000000000e+05
3.827880000000000000e+05
3.847410000000000000e+05
3.866940000000000000e+05
3.886470000000000000e+05
3.906000000000000000e+05
3.925530000000000000e+05
3.945060000000000000e+05
3.964590000000000000e+05
3.984120000000000000e+05
4.003650000000000000e+05
4.023180000000000000e+05
4.042710000000000000e+05
4.062240000000000000e+05
4.081770000000000000e+05
4.101300000000000000e+05
4.120830000000000000e+05
4.140360000000000000e+05
4.159890000000000000e+05
4.179420000000000000e+05
4.198950000000000000e+05
4.218480000000000000e+05
4.238010000000000000e+05
4.257540000000000000e+05
4.277070000000000000e+05
4.296600000000000000e+05
4.316130000000000000e+05
4.335660000000000000e+05
4.355190000000000000e+05
4.374720000000000000e+05
4.394250000000000000e+05
4.413780000000000000e+05
4.433310000000000000e+05
4.452840000000000000e+05
4.472370000000000000e+05
4.491900000000000000e+05
4.511430000000000000e+05
4.530960000000000000e+05
4.550490000000000000e+05
4.570020000000000000e+05
4.589550000000000000e+05
4.609080000000000000e+05
4.628610000000000000e+05
4.648140000000000000e+05
4.667670000000000000e+05
4.687200000000000000e+05
4.706730000000000000e+05
4.726260000000000000e+05
4.745790000000000000e+05
4.765320000000000000e+05
4.784850000000000000e+05
4.804380000000000000e+05
4.823910000000000000e+05
4.843440000000000000e+05
4.862970000000000000e+05
4.882500000000000000e+05
4.902030000000000000e+05
4.921560000000000000e+05
4.941090000000000000e+05
4.960620000000000000e+05
4.980150000000000000e+05
4.999680000000000000e+05
5.019210000000000000e+05
5.038740000000000000e+05
5.058270000000000000e+05
5.077800000000000000e+05
5.097330000000000000e+05
5.116860000000000000e+05
5.136390000000000000e+05
5.155920000000000000e+05
5.175450000000000000e+05
5.194980000000000000e+05
5.214510000000000000e+05
5.234040000000000000e+05
5.253570000000000000e+05
5.273100000000000000e+05
5.292630000000000000e+05
5.312160000000000000e+05
5.331690000000000000e+05
5.351220000000000000e+05
5.370750000000000000e+05
5.390280000000000000e+05
5.409810000000000000e+05
5.429340000000000000e+05
5.448870000000000000e+05
5.468400000000000000e+05
5.487930000000000000e+05
5.507460000000000000e+05
5.526990000000000000e+05
5.546520000000000000e+05
5.566050000000000000e+05
5.585580000000000000e+05
5.605110000000000000e+05
5.624640000000000000e+05
5.644170000000000000e+05
5.663700000000000000e+05
5.683230000000000000e+05
5.702760000000000000e+05
5.722290000000000000e+05
5.741820000000000000e+05
5.761350000000000000e+05
5.780880000000000000e+05
5.800410000000000000e+05
5.819940000000000000e+05
5.839470000000000000e+05
5.859000000000000000e+05
5.878530000000000000e+05
5.898060000000000000e+05
5.917590000000000000e+05
5.937120000000000000e+05
5.956650000000000000e+05
5.976180000000000000e+05
5.995710000000000000e+05
6.015240000000000000e+05
6.034770000000000000e+05
6.054300000000000000e+05
6.073830000000000000e+05
6.093360000000000000e+05
6.112890000000000000e+05
6.132420000000000000e+05
6.151950000000000000e+05
6.171480000000000000e+05
6.191010000000000000e+05
6.210540000000000000e+05
6.230070000000000000e+05
6.249600000000000000e+05
6.269130000000000000e+05
6.288660000000000000e+05
6.308190000000000000e+05
6.327720000000000000e+05
6.347250000000000000e+05
6.366780000000000000e+05
6.386310000000000000e+05
6.405840000000000000e+05
6.425370000000000000e+05
6.444900000000000000e+05
6.464430000000000000e+05
6.483960000000000000e+05
6.503490000000000000e+05
6.523020000000000000e+05
6.542550000000000000e+05
6.562080000000000000e+05
6.581610000000000000e+05
6.601140000000000000e+05
6.620670000000000000e+05
6.640200000000000000e+05
6.659730000000000000e+05
6.679260000000000000e+05
6.698790000000000000e+05
6.718320000000000000e+05
6.737850000000000000e+05
6.757380000000000000e+05
6.776910000000000000e+05
6.796440000000000000e+05
6.815970000000000000e+05
6.835500000000000000e+05
6.855030000000000000e+05
6.874560000000000000e+05
6.894090000000000000e+05
6.913620000000000000e+05
6.933150000000000000e+05
6.952680000000000000e+05
6.972210000000000000e+05
6.991740000000000000e+05
7.011270000000000000e+05
7.030800000000000000e+05
7.050330000000000000e+05
7.069860000000000000e+05
7.089390000000000000e+05
7.108920000000000000e+05
7.128450000000000000e+05
7.147980000000000000e+05
7.167510000000000000e+05
7.187040000000000000e+05
7.206570000000000000e+05
7.226100000000000000e+05
7.245630000000000000e+05
7.265160000000000000e+05
7.284690000000000000e+05
7.304220000000000000e+05
7.323750000000000000e+05
7.343280000000000000e+05
7.362810000000000000e+05
7.382340000000000000e+05
7.401870000000000000e+05
7.421400000000000000e+05
7.440930000000000000e+05
7.460460000000000000e+05
7.479990000000000000e+05
7.499520000000000000e+05
7.519050000000000000e+05
7.538580000000000000e+05
7.558110000000000000e+05
7.577640000000000000e+05
7.597170000000000000e+05
7.616700000000000000e+05
7.636230000000000000e+05
7.655760000000000000e+05
7.675290000000000000e+05
7.694820000000000000e+05
7.714350000000000000e+05
7.733880000000000000e+05
7.753410000000000000e+05
7.772940000000000000e+05
7.792470000000000000e+05
7.812000000000000000e+05
7.831530000000000000e+05
7.851060000000000000e+05
7.870590000000000000e+05
7.890120000000000000e+05
7.909650000000000000e+05
7.929180000000000000e+05
7.948710000000000000e+05
7.968240000000000000e+05
7.987770000000000000e+05
8.007300000000000000e+05
8.026830000000000000e+05
8.046360000000000000e+05
8.065890000000000000e+05
8.085420000000000000e+05
8.104950000000000000e+05
8.124480000000000000e+05
8.144010000000000000e+05
8.163540000000000000e+05
8.183070000000000000e+05
8.202600000000000000e+05
8.222130000000000000e+05
8.241660000000000000e+05
8.261190000000000000e+05
8.280720000000000000e+05
8.300250000000000000e+05
8.319780000000000000e+05
8.339310000000000000e+05
8.358840000000000000e+05
8.378370000000000000e+05
8.397900000000000000e+05
8.417430000000000000e+05
8.436960000000000000e+05
8.456490000000000000e+05
8.476020000000000000e+05
8.495550000000000000e+05
8.515080000000000000e+05
8.534610000000000000e+05
8.554140000000000000e+05
8.573670000000000000e+05
8.593200000000000000e+05
8.612730000000000000e+05
8.632260000000000000e+05
8.651790000000000000e+05
8.671320000000000000e+05
8.690850000000000000e+05
8.710380000000000000e+05
8.729910000000000000e+05
8.749440000000000000e+05
8.768970000000000000e+05
8.788500000000000000e+05
8.808030000000000000e+05
8.827560000000000000e+05
8.847090000000000000e+05
8.866620000000000000e+05
8.886150000000000000e+05
8.905680000000000000e+05
8.925210000000000000e+05
8.944740000000000000e+05
8.964270000000000000e+05
8.983800000000000000e+05
9.003330000000000000e+05
9.022860000000000000e+05
9.042390000000000000e+05
9.061920000000000000e+05
9.081450000000000000e+05
9.100980000000000000e+05
9.120510000000000000e+05
9.140040000000000000e+05
9.159570000000000000e+05
9.179100000000000000e+05
9.198630000000000000e+05
9.218160000000000000e+05
9.237690000000000000e+05
9.257220000000000000e+05
9.276750000000000000e+05
9.296280000000000000e+05
9.315810000000000000e+05
9.335340000000000000e+05
9.354870000000000000e+05
9.374400000000000000e+05
9.393930000000000000e+05
9.413460000000000000e+05
9.432990000000000000e+05
9.452520000000000000e+05
9.472050000000000000e+05
9.491580000000000000e+05
9.511110000000000000e+05
9.530640000000000000e+05
9.550170000000000000e+05
9.569700000000000000e+05
9.589230000000000000e+05
9.608760000000000000e+05
9.628290000000000000e+05
9.647820000000000000e+05
9.667350000000000000e+05
9.686880000000000000e+05
9.706410000000000000e+05
9.725940000000000000e+05
9.745470000000000000e+05
9.765000000000000000e+05
9.784530000000000000e+05
9.804060000000000000e+05
9.823590000000000000e+05
9.843120000000000000e+05
9.862650000000000000e+05
9.882180000000000000e+05
9.901710000000000000e+05
9.921240000000000000e+05
9.940770000000000000e+05
9.960300000000000000e+05
9.979830000000000000e+05
9.999360000000000000e+05
1.001889000000000000e+06
1.003842000000000000e+06
1.005795000000000000e+06
1.007748000000000000e+06
1.009701000000000000e+06
1.011654000000000000e+06
1.013607000000000000e+06
1.015560000000000000e+06
1.017513000000000000e+06
1.019466000000000000e+06
1.021419000000000000e+06
1.023372000000000000e+06
1.025325000000000000e+06
1.027278000000000000e+06
1.029231000000000000e+06
1.031184000000000000e+06
1.033137000000000000e+06
1.035090000000000000e+06
1.037043000000000000e+06
1.038996000000000000e+06
1.040949000000000000e+06
1.042902000000000000e+06
1.044855000000000000e+06
1.046808000000000000e+06
1.048761000000000000e+06
1.050714000000000000e+06
1.052667000000000000e+06
1.054620000000000000e+06
1.056573000000000000e+06
1.058526000000000000e+06
1.060479000000000000e+06
1.062432000000000000e+06
1.064385000000000000e+06
1.066338000000000000e+06
1.068291000000000000e+06
1.070244000000000000e+06
1.072197000000000000e+06
1.074150000000000000e+06
1.076103000000000000e+06
1.078056000000000000e+06
1.080009000000000000e+06
1.081962000000000000e+06
1.083915000000000000e+06
1.085868000000000000e+06
1.087821000000000000e+06
1.089774000000000000e+06
1.091727000000000000e+06
1.093680000000000000e+06
1.095633000000000000e+06
1.097586000000000000e+06
1.099539000000000000e+06
1.101492000000000000e+06
1.103445000000000000e+06
1.105398000000000000e+06
1.107351000000000000e+06
1.109304000000000000e+06
1.111257000000000000e+06
1.113210000000000000e+06
1.115163000000000000e+06
1.117116000000000000e+06
1.119069000000000000e+06
1.121022000000000000e+06
1.122975000000000000e+06
1.124928000000000000e+06
1.126881000000000000e+06
1.128834000000000000e+06
1.130787000000000000e+06
1.132740000000000000e+06
1.134693000000000000e+06
1.136646000000000000e+06
1.138599000000000000e+06
1.140552000000000000e+06
1.142505000000000000e+06
1.144458000000000000e+06
1.146411000000000000e+06
1.148364000000000000e+06
1.150317000000000000e+06
1.152270000000000000e+06
1.154223000000000000e+06
1.156176000000000000e+06
1.158129000000000000e+06
1.160082000000000000e+06
1.162035000000000000e+06
1.163988000000000000e+06
1.165941000000000000e+06
1.167894000000000000e+06
1.169847000000000000e+06
1.171800000000000000e+06
1.173753000000000000e+06
1.175706000000000000e+06
1.177659000000000000e+06
1.179612000000000000e+06
1.181565000000000000e+06
1.183518000000000000e+06
1.185471000000000000e+06
1.187424000000000000e+06
1.189377000000000000e+06
1.191330000000000000e+06
1.193283000000000000e+06
1.195236000000000000e+06
1.197189000000000000e+06
1.199142000000000000e+06
1.201095000000000000e+06
1.203048000000000000e+06
1.205001000000000000e+06
1.206954000000000000e+06
1.208907000000000000e+06
1.210860000000000000e+06
1.212813000000000000e+06
1.214766000000000000e+06
1.216719000000000000e+06
1.218672000000000000e+06
1.220625000000000000e+06
1.222578000000000000e+06
1.224531000000000000e+06
1.226484000000000000e+06
1.228437000000000000e+06
1.230390000000000000e+06
1.232343000000000000e+06
1.234296000000000000e+06
1.236249000000000000e+06
1.238202000000000000e+06
1.240155000000000000e+06
1.242108000000000000e+06
1.244061000000000000e+06
1.246014000000000000e+06
1.247967000000000000e+06
1.249920000000000000e+06
1.251873000000000000e+06
1.253826000000000000e+06
1.255779000000000000e+06
1.257732000000000000e+06
1.259685000000000000e+06
1.261638000000000000e+06
1.263591000000000000e+06
1.265544000000000000e+06
1.267497000000000000e+06
1.269450000000000000e+06
1.271403000000000000e+06
1.273356000000000000e+06
1.275309000000000000e+06
1.277262000000000000e+06
1.279215000000000000e+06
1.281168000000000000e+06
1.283121000000000000e+06
1.285074000000000000e+06
1.287027000000000000e+06
1.288980000000000000e+06
1.290933000000000000e+06
1.292886000000000000e+06
1.294839000000000000e+06
1.296792000000000000e+06
1.298745000000000000e+06
1.300698000000000000e+06
1.302651000000000000e+06
1.304604000000000000e+06
1.306557000000000000e+06
1.308510000000000000e+06
1.310463000000000000e+06
1.312416000000000000e+06
1.314369000000000000e+06
1.316322000000000000e+06
1.318275000000000000e+06
1.320228000000000000e+06
1.322181000000000000e+06
1.324134000000000000e+06
1.326087000000000000e+06
1.328040000000000000e+06
1.329993000000000000e+06
1.331946000000000000e+06
1.333899000000000000e+06
1.335852000000000000e+06
1.337805000000000000e+06
1.339758000000000000e+06
1.341711000000000000e+06
1.343664000000000000e+06
1.345617000000000000e+06
1.347570000000000000e+06
1.349523000000000000e+06
1.351476000000000000e+06
1.353429000000000000e+06
1.355382000000000000e+06
1.357335000000000000e+06
1.359288000000000000e+06
1.361241000000000000e+06
1.363194000000000000e+06
1.365147000000000000e+06
1.367100000000000000e+06
1.369053000000000000e+06
1.371006000000000000e+06
1.372959000000000000e+06
1.374912000000000000e+06
1.376865000000000000e+06
1.378818000000000000e+06
1.380771000000000000e+06
1.382724000000000000e+06
1.384677000000000000e+06
1.386630000000000000e+06
1.388583000000000000e+06
1.390536000000000000e+06
1.392489000000000000e+06
1.394442000000000000e+06
1.396395000000000000e+06
1.398348000000000000e+06
1.400301000000000000e+06
1.402254000000000000e+06
1.404207000000000000e+06
1.406160000000000000e+06
1.408113000000000000e+06
1.410066000000000000e+06
1.412019000000000000e+06
1.413972000000000000e+06
1.415925000000000000e+06
1.417878000000000000e+06
1.419831000000000000e+06
1.421784000000000000e+06
1.423737000000000000e+06
1.425690000000000000e+06
1.427643000000000000e+06
1.429596000000000000e+06
1.431549000000000000e+06
1.433502000000000000e+06
1.435455000000000000e+06
1.437408000000000000e+06
1.439361000000000000e+06
1.441314000000000000e+06
1.443267000000000000e+06
1.445220000000000000e+06
1.447173000000000000e+06
1.449126000000000000e+06
1.451079000000000000e+06
1.453032000000000000e+06
1.454985000000000000e+06
1.456938000000000000e+06
1.458891000000000000e+06
1.460844000000000000e+06
1.462797000000000000e+06
1.464750000000000000e+06
1.466703000000000000e+06
1.468656000000000000e+06
1.470609000000000000e+06
1.472562000000000000e+06
1.474515000000000000e+06
1.476468000000000000e+06
1.478421000000000000e+06
1.480374000000000000e+06
1.482327000000000000e+06
1.484280000000000000e+06
1.486233000000000000e+06
1.488186000000000000e+06
1.490139000000000000e+06
1.492092000000000000e+06
1.494045000000000000e+06
1.495998000000000000e+06
1.497951000000000000e+06
1.499904000000000000e+06
1.501857000000000000e+06
1.503810000000000000e+06
1.505763000000000000e+06
1.507716000000000000e+06
1.509669000000000000e+06
1.511622000000000000e+06
1.513575000000000000e+06
1.515528000000000000e+06
1.517481000000000000e+06
1.519434000000000000e+06
1.521387000000000000e+06
1.523340000000000000e+06
1.525293000000000000e+06
1.527246000000000000e+06
1.529199000000000000e+06
1.531152000000000000e+06
1.533105000000000000e+06
1.535058000000000000e+06
1.537011000000000000e+06
1.538964000000000000e+06
1.540917000000000000e+06
1.542870000000000000e+06
1.544823000000000000e+06
1.546776000000000000e+06
1.548729000000000000e+06
1.550682000000000000e+06
1.552635000000000000e+06
1.554588000000000000e+06
1.556541000000000000e+06
1.558494000000000000e+06
1.560447000000000000e+06
1.562400000000000000e+06
1.564353000000000000e+06
1.566306000000000000e+06
1.568259000000000000e+06
1.570212000000000000e+06
1.572165000000000000e+06
1.574118000000000000e+06
1.576071000000000000e+06
1.578024000000000000e+06
1.579977000000000000e+06
1.581930000000000000e+06
1.583883000000000000e+06
1.585836000000000000e+06
1.587789000000000000e+06
1.589742000000000000e+06
1.591695000000000000e+06
1.593648000000000000e+06
1.595601000000000000e+06
1.597554000000000000e+06
1.599507000000000000e+06
1.601460000000000000e+06
1.603413000000000000e+06
1.605366000000000000e+06
1.607319000000000000e+06
1.609272000000000000e+06
1.611225000000000000e+06
1.613178000000000000e+06
1.615131000000000000e+06
1.617084000000000000e+06
1.619037000000000000e+06
1.620990000000000000e+06
1.622943000000000000e+06
1.624896000000000000e+06
1.626849000000000000e+06
1.628802000000000000e+06
1.630755000000000000e+06
1.632708000000000000e+06
1.634661000000000000e+06
1.636614000000000000e+06
1.638567000000000000e+06
1.640520000000000000e+06
1.642473000000000000e+06
1.644426000000000000e+06
1.646379000000000000e+06
1.648332000000000000e+06
1.650285000000000000e+06
1.652238000000000000e+06
1.654191000000000000e+06
1.656144000000000000e+06
1.658097000000000000e+06
1.660050000000000000e+06
1.662003000000000000e+06
1.663956000000000000e+06
1.665909000000000000e+06
1.667862000000000000e+06
1.669815000000000000e+06
1.671768000000000000e+06
1.673721000000000000e+06
1.675674000000000000e+06
1.677627000000000000e+06
1.679580000000000000e+06
1.681533000000000000e+06
1.683486000000000000e+06
1.685439000000000000e+06
1.687392000000000000e+06
1.689345000000000000e+06
1.691298000000000000e+06
1.693251000000000000e+06
1.695204000000000000e+06
1.697157000000000000e+06
1.699110000000000000e+06
1.701063000000000000e+06
1.703016000000000000e+06
1.704969000000000000e+06
1.706922000000000000e+06
1.708875000000000000e+06
1.710828000000000000e+06
1.712781000000000000e+06
1.714734000000000000e+06
1.716687000000000000e+06
1.718640000000000000e+06
1.720593000000000000e+06
1.722546000000000000e+06
1.724499000000000000e+06
1.726452000000000000e+06
1.728405000000000000e+06
1.730358000000000000e+06
1.732311000000000000e+06
1.734264000000000000e+06
1.736217000000000000e+06
1.738170000000000000e+06
1.740123000000000000e+06
1.742076000000000000e+06
1.744029000000000000e+06
1.745982000000000000e+06
1.747935000000000000e+06
1.749888000000000000e+06
1.751841000000000000e+06
1.753794000000000000e+06
1.755747000000000000e+06
1.757700000000000000e+06
1.759653000000000000e+06
1.761606000000000000e+06
1.763559000000000000e+06
1.765512000000000000e+06
1.767465000000000000e+06
1.769418000000000000e+06
1.771371000000000000e+06
1.773324000000000000e+06
1.775277000000000000e+06
1.777230000000000000e+06
1.779183000000000000e+06
1.781136000000000000e+06
1.783089000000000000e+06
1.785042000000000000e+06
1.786995000000000000e+06
1.788948000000000000e+06
1.790901000000000000e+06
1.792854000000000000e+06
1.794807000000000000e+06
1.796760000000000000e+06
1.798713000000000000e+06
1.800666000000000000e+06
1.802619000000000000e+06
1.804572000000000000e+06
1.806525000000000000e+06
1.808478000000000000e+06
1.810431000000000000e+06
1.812384000000000000e+06
1.814337000000000000e+06
1.816290000000000000e+06
1.818243000000000000e+06
1.820196000000000000e+06
1.822149000000000000e+06
1.824102000000000000e+06
1.826055000000000000e+06
1.828008000000000000e+06
1.829961000000000000e+06
1.831914000000000000e+06
1.833867000000000000e+06
1.835820000000000000e+06
1.837773000000000000e+06
1.839726000000000000e+06
1.841679000000000000e+06
1.843632000000000000e+06
1.845585000000000000e+06
1.847538000000000000e+06
1.849491000000000000e+06
1.851444000000000000e+06
1.853397000000000000e+06
1.855350000000000000e+06
1.857303000000000000e+06
1.859256000000000000e+06
1.861209000000000000e+06
1.863162000000000000e+06
1.865115000000000000e+06
1.867068000000000000e+06
1.869021000000000000e+06
1.870974000000000000e+06
1.872927000000000000e+06
1.874880000000000000e+06
1.876833000000000000e+06
1.878786000000000000e+06
1.880739000000000000e+06
1.882692000000000000e+06
1.884645000000000000e+06
1.886598000000000000e+06
1.888551000000000000e+06
1.890504000000000000e+06
1.892457000000000000e+06
1.894410000000000000e+06
1.896363000000000000e+06
1.898316000000000000e+06
1.900269000000000000e+06
1.902222000000000000e+06
1.904175000000000000e+06
1.906128000000000000e+06
1.908081000000000000e+06
1.910034000000000000e+06
1.911987000000000000e+06
1.913940000000000000e+06
1.915893000000000000e+06
1.917846000000000000e+06
1.919799000000000000e+06
1.921752000000000000e+06
1.923705000000000000e+06
1.925658000000000000e+06
1.927611000000000000e+06
1.929564000000000000e+06
1.931517000000000000e+06
1.933470000000000000e+06
1.935423000000000000e+06
1.937376000000000000e+06
1.939329000000000000e+06
1.941282000000000000e+06
1.943235000000000000e+06
1.945188000000000000e+06
1.947141000000000000e+06
1.949094000000000000e+06
1.951047000000000000e+06
1.953000000000000000e+06
