inf
2.825588825995038800e+00
2.819921125728864553e+00
2.814265645907446434e+00
2.808622798035588453e+00
2.802992984003656929e+00
2.797376596143724026e+00
2.791774017288937593e+00
2.786185620835983645e+00
2.780611770810536676e+00
2.775052821935561465e+00
2.769509119702370015e+00
2.763981000444304392e+00
2.758468791412943322e+00
2.752972810856701980e+00
2.747493368101739719e+00
2.742030763635036728e+00
2.736585289189558790e+00
2.731157227831386258e+00
2.725746854048703760e+00
2.720354433842564035e+00
2.714980224819296684e+00
2.709624476284490324e+00
2.704287429338430471e+00
2.698969316972900767e+00
2.693670364169274745e+00
2.688390787997767095e+00
2.683130797717785843e+00
2.677890594879291264e+00
2.672670373425061641e+00
2.667470319793795674e+00
2.662290613023964081e+00
2.657131424858327318e+00
2.651992919849048835e+00
2.646875255463318144e+00
2.641778582189414859e+00
2.636703043643141342e+00
2.631648776674549328e+00
2.626615911474898368e+00
2.621604571683774587e+00
2.616614874496308474e+00
2.611646930770420649e+00
2.606700845134056976e+00
2.601776716092320640e+00
2.596874636134476777e+00
2.591994691840758591e+00
2.587136963988918126e+00
2.582301527660483487e+00
2.577488452346663905e+00
2.572697802053862226e+00
2.567929635408732647e+00
2.563184005762768614e+00
2.558460961296344038e+00
2.553760545122203407e+00
2.549082795388325717e+00
2.544427745380158257e+00
2.539795423622157156e+00
2.535185853978621395e+00
2.530599055753774973e+00
2.526035043791072798e+00
2.521493828571697016e+00
2.516975416312218883e+00
2.512479809061402225e+00
2.508007004796114270e+00
2.503556997516327431e+00
2.499129777339192948e+00
2.494725330592152623e+00
2.490343639905088668e+00
2.485984684301469017e+00
2.481648439288496988e+00
2.477334876946224007e+00
2.473043966015632034e+00
2.468775671985657727e+00
2.464529957179155684e+00
2.460306780837779872e+00
2.456106099205781046e+00
2.451927865612709034e+00
2.447772030554999922e+00
2.443638541776472994e+00
2.439527344347679261e+00
2.435438380744149089e+00
2.431371590923503856e+00
2.427326912401428949e+00
2.423304280326517901e+00
2.419303627553976987e+00
2.415324884718186293e+00
2.411367980304125691e+00
2.407432840717657285e+00
2.403519390354668328e+00
2.399627551669078152e+00
2.395757245239706013e+00
2.391908389836004289e+00
2.388080902482666357e+00
2.384274698523098923e+00
2.380489691681784148e+00
2.376725794125507107e+00
2.372982916523486807e+00
2.369260968106389864e+00
2.365559856724246401e+00
2.361879488903275703e+00
2.358219769901616303e+00
2.354580603763984925e+00
2.350961893375259404e+00
2.347363540512996671e+00
2.343785445898896924e+00
2.340227509249224624e+00
2.336689629324185002e+00
2.333171703976280931e+00
2.329673630197641732e+00
2.326195304166352340e+00
2.322736621291779269e+00
2.319297476258908475e+00
2.315877763071708895e+00
2.312477375095524756e+00
2.309096205098513988e+00
2.305734145292143822e+00
2.302391087370748934e+00
2.299066922550166758e+00
2.295761541605469969e+00
2.292474834907784587e+00
2.289206692460237669e+00
2.285957003933014153e+00
2.282725658697558835e+00
2.279512545859920802e+00
2.276317554293262546e+00
2.273140572669532400e+00
2.269981489490330961e+00
2.266840193116963054e+00
2.263716571799708088e+00
2.260610513706295066e+00
2.257521906949628843e+00
2.254450639614741458e+00
2.251396599785009389e+00
2.248359675567642046e+00
2.245339755118440639e+00
2.242336726665851376e+00
2.239350478534329891e+00
2.236380899167013325e+00
2.233427877147720952e+00
2.230491301222301104e+00
2.227571060319315510e+00
2.224667043570101921e+00
2.221779140328199009e+00
2.218907240188164653e+00
2.216051233003784482e+00
2.213211008905696886e+00
2.210386458318429170e+00
2.207577471976868377e+00
2.204783940942180553e+00
2.202005756617169130e+00
2.199242810761108391e+00
2.196494995504048475e+00
2.193762203360597240e+00
2.191044327243217626e+00
2.188341260475004990e+00
2.185652896802001255e+00
2.182979130405030332e+00
2.180319855911063254e+00
2.177674968404136546e+00
2.175044363435826966e+00
2.172427937035290135e+00
2.169825585718877736e+00
2.167237206499331936e+00
2.164662696894588567e+00
2.162101954936168635e+00
2.159554879177195463e+00
2.157021368700026809e+00
2.154501323123514833e+00
2.151994642609919683e+00
2.149501227871450038e+00
2.147020980176481242e+00
2.144553801355423950e+00
2.142099593806268576e+00
2.139658260499819331e+00
2.137229704984606293e+00
2.134813831391497274e+00
2.132410544438023692e+00
2.130019749432403131e+00
2.127641352277294562e+00
2.125275259473276446e+00
2.122921378122051728e+00
2.120579615929410799e+00
2.118249881207923568e+00
2.115932082879402376e+00
2.113626130477116671e+00
2.111331934147781197e+00
2.109049404653316362e+00
2.106778453372393667e+00
2.104518992301762204e+00
2.102270934057376639e+00
2.100034191875318257e+00
2.097808679612523264e+00
2.095594311747327243e+00
2.093391003379819093e+00
2.091198670232019996e+00
2.089017228647898072e+00
2.086846595593197851e+00
2.084686688655131181e+00
2.082537426041894513e+00
2.080398726582041835e+00
2.078270509723709747e+00
2.076152695533704406e+00
2.074045204696441491e+00
2.071947958512768917e+00
2.069860878898647893e+00
2.067783888383716295e+00
2.065716910109737459e+00
2.063659867828924188e+00
2.061612685902157072e+00
2.059575289297103318e+00
2.057547603586215690e+00
2.055529554944648840e+00
2.053521070148073058e+00
2.051522076570396536e+00
2.049532502181398819e+00
2.047552275544286093e+00
2.045581325813156770e+00
2.043619582730396012e+00
2.041666976623991658e+00
2.039723438404783096e+00
2.037788899563636402e+00
2.035863292168559990e+00
2.033946548861755854e+00
2.032038602856609089e+00
2.030139387934624562e+00
2.028248838442310298e+00
2.026366889288003570e+00
2.024493475938656584e+00
2.022628534416572421e+00
2.020772001296095244e+00
2.018923813700264525e+00
2.017083909297426203e+00
2.015252226297807425e+00
2.013428703450061974e+00
2.011613280037777507e+00
2.009805895875958370e+00
2.008006491307471553e+00
2.006215007199478872e+00
2.004431384939834082e+00
2.002655566433464429e+00
2.000887494098729569e+00
1.999127110863760048e+00
1.997374360162782692e+00
1.995629185932425775e+00
1.993891532608016659e+00
1.992161345119861871e+00
1.990438568889516757e+00
1.988723149826052028e+00
1.987015034322304530e+00
1.985314169251126248e+00
1.983620501961628646e+00
1.981933980275419227e+00
1.980254552482842101e+00
1.978582167339210551e+00
1.976916774061042270e+00
1.975258322322296145e+00
1.973606762250613045e+00
1.971962044423553939e+00
1.970324119864848678e+00
1.968692940040642991e+00
1.967068456855760150e+00
1.965450622649961288e+00
1.963839390194220158e+00
1.962234712687002114e+00
1.960636543750553740e+00
1.959044837427207364e+00
1.957459548175688013e+00
1.955880630867439018e+00
1.954308040782960498e+00
1.952741733608155839e+00
1.951181665430697043e+00
1.949627792736400966e+00
1.948080072405622865e+00
1.946538461709668155e+00
1.945002918307210615e+00
1.943473400240742333e+00
1.941949865933025210e+00
1.940432274183574224e+00
1.938920584165147121e+00
1.937414755420259427e+00
1.935914747857720331e+00
1.934420521749179889e+00
1.932932037725703101e+00
1.931449256774362189e+00
1.929972140234848865e+00
1.928500649796107469e+00
1.927034747492988309e+00
1.925574395702927211e+00
1.924119557142636827e+00
1.922670194864832593e+00
1.921226272254970890e+00
1.919787753028012078e+00
1.918354601225210398e+00
1.916926781210920305e+00
1.915504257669430555e+00
1.914086995601820052e+00
1.912674960322833240e+00
1.911268117457786353e+00
1.909866432939490322e+00
1.908469873005202322e+00
1.907078404193595533e+00
1.905691993341759538e+00
1.904310607582218706e+00
1.902934214339977892e+00
1.901562781329591667e+00
1.900196276552255537e+00
1.898834668292926686e+00
1.897477925117459385e+00
1.896126015869777248e+00
1.894778909669056599e+00
1.893436575906945363e+00
1.892098984244796833e+00
1.890766104610935638e+00
1.889437907197942135e+00
1.888114362459962337e+00
1.886795441110045157e+00
1.885481114117498525e+00
1.884171352705273916e+00
1.882866128347372658e+00
1.881565412766275092e+00
1.880269177930399049e+00
1.878977396051572990e+00
1.877690039582543990e+00
1.876407081214496841e+00
1.875128493874609115e+00
1.873854250723621107e+00
1.872584325153432427e+00
1.871318690784720573e+00
1.870057321464585476e+00
1.868800191264212929e+00
1.867547274476564434e+00
1.866298545614088367e+00
1.865053979406453788e+00
1.863813550798308016e+00
1.862577234947053517e+00
1.861345007220653880e+00
1.860116843195452452e+00
1.858892718654021836e+00
1.857672609583030265e+00
1.856456492171131956e+00
1.855244342806876778e+00
1.854036138076645246e+00
1.852831854762602593e+00
1.851631469840671507e+00
1.850434960478533286e+00
1.849242304033640982e+00
1.848053478051261411e+00
1.846868460262531819e+00
1.845687228582539863e+00
1.844509761108424462e+00
1.843336036117494636e+00
1.842166032065370773e+00
1.840999727584144097e+00
1.839837101480555237e+00
1.838678132734196335e+00
1.837522800495727582e+00
1.836371084085113514e+00
1.835222962989885520e+00
1.834078416863412109e+00
1.832937425523195385e+00
1.831799968949185509e+00
1.830666027282111141e+00
1.829535580821830987e+00
1.828408610025698877e+00
1.827285095506951951e+00
1.826165018033114595e+00
1.825048358524419490e+00
1.823935098052244630e+00
1.822825217837572565e+00
1.821718699249461393e+00
1.820615523803536417e+00
1.819515673160494451e+00
1.818419129124632549e+00
1.817325873642382517e+00
1.816235888800871390e+00
1.815149156826490806e+00
1.814065660083489462e+00
1.812985381072574675e+00
1.811908302429534379e+00
1.810834406923869100e+00
1.809763677457448372e+00
1.808696097063172914e+00
1.807631648903658128e+00
1.806570316269928922e+00
1.805512082580130739e+00
1.804456931378257245e+00
1.803404846332885558e+00
1.802355811235935912e+00
1.801309810001437306e+00
1.800266826664308706e+00
1.799226845379157558e+00
1.798189850419088520e+00
1.797155826174528404e+00
1.796124757152058438e+00
1.795096627973270742e+00
1.794071423373625906e+00
1.793049128201332332e+00
1.792029727416234453e+00
1.791013206088712506e+00
1.789999549398600509e+00
1.788988742634107787e+00
1.787980771190761375e+00
1.786975620570356194e+00
1.785973276379915653e+00
1.784973724330670475e+00
1.783976950237041059e+00
1.782982940015636730e+00
1.781991679684266305e+00
1.781003155360958212e+00
1.780017353262990154e+00
1.779034259705935872e+00
1.778053861102715905e+00
1.777076143962664112e+00
1.776101094890601528e+00
1.775128700585923980e+00
1.774158947841697032e+00
1.773191823543761592e+00
1.772227314669854170e+00
1.771265408288730248e+00
1.770306091559303185e+00
1.769349351729789355e+00
1.768395176136865921e+00
1.767443552204835733e+00
1.766494467444803762e+00
1.765547909453860420e+00
1.764603865914277092e+00
1.763662324592707886e+00
1.762723273339403152e+00
1.761786700087430102e+00
1.760852592851903875e+00
1.759920939729222811e+00
1.758991728896320161e+00
1.758064948609918021e+00
1.757140587205789917e+00
1.756218633098036053e+00
1.755299074778362778e+00
1.754381900815371376e+00
1.753467099853855293e+00
1.752554660614104032e+00
1.751644571891217250e+00
1.750736822554423755e+00
1.749831401546410037e+00
1.748928297882654803e+00
1.748027500650773947e+00
1.747128999009867512e+00
1.746232782189880428e+00
1.745338839490965466e+00
1.744447160282855736e+00
1.743557734004241633e+00
1.742670550162159104e+00
1.741785598331379692e+00
1.740902868153812122e+00
1.740022349337905228e+00
1.739144031658063305e+00
1.738267904954063026e+00
1.737393959130478782e+00
1.736522184156116699e+00
1.735652570063449529e+00
1.734785106948062650e+00
1.733919784968102507e+00
1.733056594343735490e+00
1.732195525356608146e+00
1.731336568349314264e+00
1.730479713724872859e+00
1.729624951946201916e+00
1.728772273535609250e+00
1.727921669074278688e+00
1.727073129201770252e+00
1.726226644615520112e+00
1.725382206070346980e+00
1.724539804377966501e+00
1.723699430406507860e+00
1.722861075080037052e+00
1.722024729378085039e+00
1.721190384335181234e+00
1.720358031040390756e+00
1.719527660636858801e+00
1.718699264321356557e+00
1.717872833343837113e+00
1.717048359006990266e+00
1.716225832665804862e+00
1.715405245727139150e+00
1.714586589649286896e+00
1.713769855941558617e+00
1.712955036163857248e+00
1.712142121926267357e+00
1.711331104888642152e+00
1.710521976760196461e+00
1.709714729299105729e+00
1.708909354312108997e+00
1.708105843654111666e+00
1.707304189227799807e+00
1.706504382983252244e+00
1.705706416917558421e+00
1.704910283074442701e+00
1.704115973543888218e+00
1.703323480461768957e+00
1.702532796009482263e+00
1.701743912413587134e+00
1.700956821945444730e+00
1.700171516920865100e+00
1.699387989699754131e+00
1.698606232685765161e+00
1.697826238325957027e+00
1.697047999110452343e+00
1.696271507572099102e+00
1.695496756286137829e+00
1.694723737869871183e+00
1.693952444982336214e+00
1.693182870323980183e+00
1.692415006636341479e+00
1.691648846701730102e+00
1.690884383342914576e+00
1.690121609422811311e+00
1.689360517844174181e+00
1.688601101549293659e+00
1.687843353519689060e+00
1.687087266775815664e+00
1.686332834376766288e+00
1.685580049419973747e+00
1.684828905040929081e+00
1.684079394412888231e+00
1.683331510746588044e+00
1.682585247289965835e+00
1.681840597327880937e+00
1.681097554181836706e+00
1.680356111209706294e+00
1.679616261805464861e+00
1.678877999398918464e+00
1.678141317455438264e+00
1.677406209475698295e+00
1.676672668995416116e+00
1.675940689585090126e+00
1.675210264849749109e+00
1.674481388428695317e+00
1.673754053995254454e+00
1.673028255256528318e+00
1.672303985953147887e+00
1.671581239859028178e+00
1.670860010781129779e+00
1.670140292559216588e+00
1.669422079065620457e+00
1.668705364205005370e+00
1.667990141914136304e+00
1.667276406161648961e+00
1.666564150947817735e+00
1.665853370304335446e+00
1.665144058294084850e+00
1.664436209010918821e+00
1.663729816579439857e+00
1.663024875154780702e+00
1.662321378922392956e+00
1.661619322097826812e+00
1.660918698926525661e+00
1.660219503683610709e+00
1.659521730673676920e+00
1.658825374230583627e+00
1.658130428717253357e+00
1.657436888525466223e+00
1.656744748075662521e+00
1.656054001816740673e+00
1.655364644225863602e+00
1.654676669808260892e+00
1.653990073097036495e+00
1.653304848652976888e+00
1.652620991064359890e+00
1.651938494946768587e+00
1.651257354942903044e+00
1.650577565722396001e+00
1.649899121981629024e+00
1.649222018443550652e+00
1.648546249857497648e+00
1.647871810999013809e+00
1.647198696669676554e+00
1.646526901696918843e+00
1.645856420933855979e+00
1.645187249259113527e+00
1.644519381576656336e+00
1.643852812815618458e+00
1.643187537930137943e+00
1.642523551899186529e+00
1.641860849726407778e+00
1.641199426439951869e+00
1.640539277092313508e+00
1.639880396760172721e+00
1.639222780544233427e+00
1.638566423569066677e+00
1.637911320982953889e+00
1.637257467957730972e+00
1.636604859688635116e+00
1.635953491394152248e+00
1.635303358315862932e+00
1.634654455718297594e+00
1.634006778888782430e+00
1.633360323137294623e+00
1.632715083796315358e+00
1.632071056220684602e+00
1.631428235787457659e+00
1.630786617895762625e+00
1.630146197966657384e+00
1.629506971442991503e+00
1.628868933789265450e+00
1.628232080491493594e+00
1.627596407057067651e+00
1.626961909014618124e+00
1.626328581913884630e+00
1.625696421325578456e+00
1.625065422841251772e+00
1.624435582073166184e+00
1.623806894654163280e+00
1.623179356237533177e+00
1.622552962496889517e+00
1.621927709126040229e+00
1.621303591838863634e+00
1.620680606369179433e+00
1.620058748470630583e+00
1.619438013916555619e+00
1.618818398499868971e+00
1.618199898032938622e+00
1.617582508347468639e+00
1.616966225294377058e+00
1.616351044743680188e+00
1.615736962584374048e+00
1.615123974724319567e+00
1.614512077090125119e+00
1.613901265627035730e+00
1.613291536298815609e+00
1.612682885087638684e+00
1.612075307993977136e+00
1.611468801036487264e+00
1.610863360251903575e+00
1.610258981694927538e+00
1.609655661438120111e+00
1.609053395571794942e+00
1.608452180203911119e+00
1.607852011459968589e+00
1.607252885482902016e+00
1.606654798432978648e+00
1.606057746487693283e+00
1.605461725841667908e+00
1.604866732706547561e+00
1.604272763310903516e+00
1.603679813900129592e+00
1.603087880736345117e+00
1.602496960098294565e+00
1.601907048281253854e+00
1.601318141596929312e+00
1.600730236373362647e+00
1.600143328954837019e+00
1.599557415701780894e+00
1.598972492990675676e+00
1.598388557213959782e+00
1.597805604779939159e+00
1.597223632112694247e+00
1.596642635651988051e+00
1.596062611853176438e+00
1.595483557187119095e+00
1.594905468140089821e+00
1.594328341213688383e+00
1.593752172924752797e+00
1.593176959805271187e+00
1.592602698402298289e+00
1.592029385277865972e+00
1.591457017008901520e+00
1.590885590187142151e+00
1.590315101419049304e+00
1.589745547325728259e+00
1.589176924542844205e+00
1.588609229720539862e+00
1.588042459523356431e+00
1.587476610630148777e+00
1.586911679734010594e+00
1.586347663542189812e+00
1.585784558776013986e+00
1.585222362170807919e+00
1.584661070475819278e+00
1.584100680454140209e+00
1.583541188882629625e+00
1.582982592551838374e+00
1.582424888265934415e+00
1.581868072842625317e+00
1.581312143113086544e+00
1.580757095921886624e+00
1.580202928126914319e+00
1.579649636599302687e+00
1.579097218223363130e+00
1.578545669896507242e+00
1.577994988529179521e+00
1.577445171044785877e+00
1.576896214379622130e+00
1.576348115482806067e+00
1.575800871316207941e+00
1.575254478854380302e+00
1.574708935084492722e+00
1.574164237006260514e+00
1.573620381631880782e+00
1.573077365985964038e+00
1.572535187105468690e+00
1.571993842039633771e+00
1.571453327849916537e+00
1.570913641609924527e+00
1.570374780405352944e+00
1.569836741333922037e+00
1.569299521505309603e+00
1.568763118041091920e+00
1.568227528074679578e+00
1.567692748751255527e+00
1.567158777227713573e+00
1.566625610672596869e+00
1.566093246266036854e+00
1.565561681199693966e+00
1.565030912676697916e+00
1.564500937911584844e+00
1.563971754130243585e+00
1.563443358569851283e+00
1.562915748478820310e+00
1.562388921116736551e+00
1.561862873754303660e+00
1.561337603673285779e+00
1.560813108166451357e+00
1.560289384537515645e+00
1.559766430101084955e+00
1.559244242182602713e+00
1.558722818118293718e+00
1.558202155255106858e+00
1.557682250950664482e+00
1.557163102573206448e+00
1.556644707501536828e+00
1.556127063124971066e+00
1.555610166843281572e+00
1.555094016066647544e+00
1.554578608215601454e+00
1.554063940720976200e+00
1.553550011023856481e+00
1.553036816575524393e+00
1.552524354837411247e+00
1.552012623281046722e+00
1.551501619388006903e+00
1.550991340649866768e+00
1.550481784568150223e+00
1.549972948654279925e+00
1.549464830429529538e+00
1.548957427424976663e+00
1.548450737181450432e+00
1.547944757249489101e+00
1.547439485189288755e+00
1.546934918570658235e+00
1.546431054972970953e+00
1.545927891985119595e+00
1.545425427205468827e+00
1.544923658241809994e+00
1.544422582711316716e+00
1.543922198240496479e+00
1.543422502465149115e+00
1.542923493030320170e+00
1.542425167590256052e+00
1.541927523808362510e+00
1.541430559357158003e+00
1.540934271918231291e+00
1.540438659182199244e+00
1.539943718848661103e+00
1.539449448626160066e+00
1.538955846232136215e+00
1.538462909392887656e+00
1.537970635843528111e+00
1.537479023327944061e+00
1.536988069598754558e+00
1.536497772417269481e+00
1.536008129553451340e+00
1.535519138785869542e+00
1.535030797901665522e+00
1.534543104696509008e+00
1.534056056974562265e+00
1.533569652548434581e+00
1.533083889239149622e+00
1.532598764876102804e+00
1.532114277297022209e+00
1.531630424347931951e+00
1.531147203883113539e+00
1.530664613765067017e+00
1.530182651864473220e+00
1.529701316060157801e+00
1.529220604239052594e+00
1.528740514296158759e+00
1.528261044134510582e+00
1.527782191665137956e+00
1.527303954807030628e+00
1.526826331487103117e+00
1.526349319640156077e+00
1.525872917208843882e+00
1.525397122143636430e+00
1.524921932402786062e+00
1.524447345952291588e+00
1.523973360765863205e+00
1.523499974824888303e+00
1.523027186118397269e+00
1.522554992643029736e+00
1.522083392402998836e+00
1.521612383410060110e+00
1.521141963683476206e+00
1.520672131249984238e+00
1.520202884143762256e+00
1.519734220406396830e+00
1.519266138086849516e+00
1.518798635241425998e+00
1.518331709933741669e+00
1.517865360234692318e+00
1.517399584222418163e+00
1.516934379982276759e+00
1.516469745606808139e+00
1.516005679195704614e+00
1.515542178855779909e+00
1.515079242700937412e+00
1.514616868852140641e+00
1.514155055437381492e+00
1.513693800591650263e+00
1.513233102456905232e+00
1.512772959182043575e+00
1.512313368922870049e+00
1.511854329842068134e+00
1.511395840109170496e+00
1.510937897900529903e+00
1.510480501399289244e+00
1.510023648795353113e+00
1.509567338285359606e+00
1.509111568072649234e+00
1.508656336367240725e+00
1.508201641385797487e+00
1.507747481351604302e+00
1.507293854494536234e+00
1.506840759051031542e+00
1.506388193264065256e+00
1.505936155383119202e+00
1.505484643664157796e+00
1.505033656369597850e+00
1.504583191768283479e+00
1.504133248135459011e+00
1.503683823752740789e+00
1.503234916908092522e+00
1.502786525895798864e+00
1.502338649016436545e+00
1.501891284576851504e+00
1.501444430890131576e+00
1.500998086275579624e+00
1.500552249058689780e+00
1.500106917571120579e+00
1.499662090150669869e+00
1.499217765141250602e+00
1.498773940892864198e+00
1.498330615761576334e+00
1.497887788109492524e+00
1.497445456304732136e+00
1.497003618721405749e+00
1.496562273739588944e+00
1.496121419745299441e+00
1.495681055130472004e+00
1.495241178292934903e+00
1.494801787636385715e+00
1.494362881570368229e+00
1.493924458510249131e+00
1.493486516877192249e+00
1.493049055098137456e+00
1.492612071605778690e+00
1.492175564838535529e+00
1.491739533240536986e+00
1.491303975261593306e+00
1.490868889357176430e+00
1.490434273988396452e+00
1.490000127621977644e+00
1.489566448730239134e+00
1.489133235791070486e+00
1.488700487287910379e+00
1.488268201709723737e+00
1.487836377550981304e+00
1.487405013311636326e+00
1.486974107497105457e+00
1.486543658618243002e+00
1.486113665191324484e+00
1.485684125738021111e+00
1.485255038785380455e+00
1.484826402865807138e+00
1.484398216517038405e+00
1.483970478282124805e+00
1.483543186709410877e+00
1.483116340352512275e+00
1.482689937770295563e+00
1.482263977526860232e+00
1.481838458191514940e+00
1.481413378338760189e+00
1.480988736548266349e+00
1.480564531404854112e+00
1.480140761498474955e+00
1.479717425424191823e+00
1.479294521782158478e+00
1.478872049177600179e+00
1.478450006220793478e+00
1.478028391527050012e+00
1.477607203716691409e+00
1.477186441415036855e+00
1.476766103252379114e+00
1.476346187863966986e+00
1.475926693889986652e+00
1.475507619975542806e+00
1.475088964770641331e+00
1.474670726930166209e+00
1.474252905113866641e+00
1.473835497986335064e+00
1.473418504216989833e+00
1.473001922480056569e+00
1.472585751454551062e+00
1.472169989824260394e+00
1.471754636277724071e+00
1.471339689508218695e+00
1.470925148213736877e+00
1.470511011096972354e+00
1.470097276865301561e+00
1.469683944230764538e+00
1.469271011910049829e+00
1.468858478624475161e+00
1.468446343099971907e+00
1.468034604067066873e+00
1.467623260260863871e+00
1.467212310421029953e+00
1.466801753291775423e+00
1.466391587621839854e+00
1.465981812164470766e+00
1.465572425677411861e+00
1.465163426922883927e+00
1.464754814667569072e+00
1.464346587682592071e+00
1.463938744743508380e+00
1.463531284630282370e+00
1.463124206127276450e+00
1.462717508023230417e+00
1.462311189111248355e+00
1.461905248188781314e+00
1.461499684057611548e+00
1.461094495523836967e+00
1.460689681397854711e+00
1.460285240494346493e+00
1.459881171632261720e+00
1.459477473634802847e+00
1.459074145329409378e+00
1.458671185547742999e+00
1.458268593125671364e+00
1.457866366903253441e+00
1.457464505724724413e+00
1.457063008438479912e+00
1.456661873897061810e+00
1.456261100957142451e+00
1.455860688479509557e+00
1.455460635329052232e+00
1.455060940374746092e+00
1.454661602489637273e+00
1.454262620550829110e+00
1.453863993439467261e+00
1.453465720040724163e+00
1.453067799243787039e+00
1.452670229941839475e+00
1.452273011032051198e+00
1.451876141415562094e+00
1.451479619997466441e+00
1.451083445686801143e+00
1.450687617396531071e+00
1.450292134043534409e+00
1.449896994548588003e+00
1.449502197836356698e+00
1.449107742835374468e+00
1.448713628478035975e+00
1.448319853700577697e+00
1.447926417443068603e+00
1.447533318649394829e+00
1.447140556267244582e+00
1.446748129248098147e+00
1.446356036547210566e+00
1.445964277123601205e+00
1.445572849940039095e+00
1.445181753963029836e+00
1.444790988162802714e+00
1.444400551513298048e+00
1.444010442992152088e+00
1.443620661580686138e+00
1.443231206263892563e+00
1.442842076030421694e+00
1.442453269872570276e+00
1.442064786786266595e+00
1.441676625771059594e+00
1.441288785830105557e+00
1.440901265970155221e+00
1.440514065201539573e+00
1.440127182538161632e+00
1.439740616997479572e+00
1.439354367600496953e+00
1.438968433371748734e+00
1.438582813339289945e+00
1.438197506534682812e+00
1.437812511992984987e+00
1.437427828752737335e+00
1.437043455855951057e+00
1.436659392348096587e+00
1.436275637278090267e+00
