inf
2.336045684869656469e+00
2.035391067888910666e+00
1.850132197552424085e+00
1.724028895137591944e+00
1.630336785577306324e+00
1.556020760084661614e+00
1.494025932411118918e+00
1.440190375467411688e+00
1.391926987486817424e+00
1.347587177881921505e+00
1.306114201335110359e+00
1.266834669938679214e+00
1.229324677543006450e+00
1.193321031260743403e+00
1.158661977790509168e+00
1.125247965806888573e+00
1.093016130532810992e+00
1.061924092855758062e+00
1.031939973752098672e+00
1.003036470443877670e+00
9.751875262312401649e-01
9.483666139864691536e-01
9.225459925639977188e-01
8.976965257723025227e-01
8.737878067338415988e-01
8.507884303897211842e-01
8.286663209567676214e-01
8.073890614819887457e-01
7.869241975584636561e-01
7.672395023069209508e-01
7.483031985268716602e-01
7.300841388371623886e-01
7.125519471670170857e-01
6.956771260800401757e-01
6.794311347126494871e-01
6.637864419537491401e-01
6.487165591079931959e-01
6.341960558035899531e-01
6.202005624035763498e-01
6.067067616984885836e-01
5.936923722190207142e-01
5.811361251178958076e-01
5.690177362320513188e-01
5.573178746467761790e-01
5.460181288382753850e-01
5.351009712651311201e-01
5.245497221071726557e-01
5.143485127074584051e-01
5.044822491550348120e-01
4.949365763489749215e-01
4.856978428045269913e-01
4.767530663971688565e-01
4.680899011874531390e-01
4.596966054267285773e-01
4.515620108093551521e-01
4.436754930094453098e-01
4.360269435182636544e-01
4.286067427811608987e-01
4.214057346194910458e-01
4.144152019126530750e-01
4.076268435076328411e-01
4.010327523177178999e-01
3.946253945680390784e-01
3.883975901429009281e-01
3.823424939882669182e-01
3.764535785220077257e-01
3.707246170044579126e-01
3.651496678222692638e-01
3.597230596394183633e-01
3.544393773703808925e-01
3.492934489318851310e-01
3.442803327312035644e-01
3.393953058506022913e-01
3.346338528892978670e-01
3.299916554260232671e-01
3.254645820670783452e-01
3.210486790464831541e-01
3.167401613465775645e-01
3.125354043090871059e-01
3.084309357082996583e-01
3.044234282595700281e-01
3.005096925378704098e-01
2.966866702825513014e-01
2.929514280658488401e-01
2.893011513039849825e-01
2.857331385909472887e-01
2.822447963362166856e-01
2.788336336888175837e-01
2.754972577311261550e-01
2.722333689268580659e-01
2.690397568085962643e-01
2.659142958911011601e-01
2.628549417974709868e-01
2.598597275860073941e-01
2.569267602663640182e-01
2.540542174942551079e-01
2.512403444346393289e-01
2.484834507839058793e-01
2.457819079421563746e-01
2.431341463272131964e-01
2.405386528224839893e-01
2.379939683512816984e-01
2.354986855706448223e-01
2.330514466781088423e-01
2.306509413252745833e-01
2.282959046323781993e-01
2.259851152984107825e-01
2.237173938016543961e-01
2.214916006858023423e-01
2.193066349271110549e-01
2.171614323782973532e-01
2.150549642851408150e-01
2.129862358719832871e-01
2.109542849925372665e-01
2.089581808426188014e-01
2.069970227316121070e-01
2.050699389096539704e-01
2.031760854476979128e-01
2.013146451677728654e-01
1.994848266209054144e-01
1.976858631103117492e-01
1.959170117576010672e-01
1.941775526098524496e-01
1.924667877855491538e-01
1.907840406574597691e-01
1.891286550706609559e-01
1.874999945939965773e-01
1.858974418033531306e-01
1.843203975952274754e-01
1.827682805291327706e-01
1.812405261974759652e-01
1.797365866216041885e-01
1.782559296727927178e-01
1.767980385170023760e-01
1.753624110823059079e-01
1.739485595479291768e-01
1.725560098539156151e-01
1.711843012304676281e-01
1.698329857460684211e-01
1.685016278735353146e-01
1.671898040731946422e-01
1.658971023924112886e-01
1.646231220807435613e-01
1.633674732200317836e-01
1.621297763687586102e-01
1.609096622200587023e-01
1.597067712727781308e-01
1.585207535150193747e-01
1.573512681196316820e-01
1.561979831511333405e-01
1.550605752835768070e-01
1.539387295288922874e-01
1.528321389752653747e-01
1.517405045351270798e-01
1.506635347023530525e-01
1.496009453182892412e-01
1.485524593462368426e-01
1.475178066540492050e-01
1.464967238045064846e-01
1.454889538531514981e-01
1.444942461532827127e-01
1.435123561678164350e-01
1.425430452877412546e-01
1.415860806569002039e-01
1.406412350028502234e-01
1.397082864735577079e-01
1.387870184796988482e-01
1.378772195423468294e-01
1.369786831458346121e-01
1.360912075955912626e-01
1.352145958807627890e-01
1.343486555414291905e-01
1.334931985402451893e-01
1.326480411383345326e-01
1.318130037752771322e-01
1.309879109530339147e-01
1.301725911236626398e-01
1.293668765806822440e-01
1.285706033539498749e-01
1.277836111079211912e-01
1.270057430431688617e-01
1.262368458010400818e-01
1.254767693713374210e-01
1.247253670029158656e-01
1.239824951170866441e-01
1.232480132237303849e-01
1.225217838400207981e-01
1.218036724116658143e-01
1.210935472365772814e-01
1.203912793908828854e-01
1.196967426571987070e-01
1.190098134550820891e-01
1.183303707735900018e-01
1.176582961058687260e-01
1.169934733857054959e-01
1.163357889259743622e-01
1.156851313589110919e-01
1.150413915781550028e-01
1.144044626824984312e-01
1.137742399212840483e-01
1.131506206413976923e-01
1.125335042358001636e-01
1.119227920935486342e-01
1.113183875512576276e-01
1.107201958459517466e-01
1.101281240692646157e-01
1.095420811229398522e-01
1.089619776755915287e-01
1.083877261206827869e-01
1.078192405356841188e-01
1.072564366423725407e-01
1.066992317682349811e-01
1.061475448089412577e-01
1.056012961918515458e-01
1.050604078405270592e-01
1.045248031402106759e-01
1.039944069042481878e-01
1.034691453414199880e-01
1.029489460241552190e-01
1.024337378576010704e-01
1.019234510495202334e-01
1.014180170809917819e-01
1.009173686778897933e-01
1.004214397831175720e-01
9.993016552957223464e-02
9.944348221381996145e-02
9.896132727045844901e-02
9.848363924714713391e-02
9.801035778028471812e-02
9.754142357131484475e-02
9.707677836364091151e-02
9.661636492013241095e-02
9.616012700120551981e-02
9.570800934346052058e-02
9.525995763885963807e-02
9.481591851443076091e-02
9.437583951248007530e-02
9.393966907130076038e-02
9.350735650636141094e-02
9.307885199196228032e-02
9.265410654334506335e-02
9.223307199924291044e-02
9.181570100485929309e-02
9.140194699526299482e-02
9.099176417918673765e-02
9.058510752322025683e-02
9.018193273638394625e-02
8.978219625507551094e-02
8.938585522837622088e-02
8.899286750370967447e-02
8.860319161284149758e-02
8.821678675821090221e-02
8.783361279958590284e-02
8.745363024103264271e-02
8.707680021818994809e-02
8.670308448584214400e-02
8.633244540578080550e-02
8.596484593494842230e-02
8.560024961385598319e-02
8.523862055526790216e-02
8.487992343314607058e-02
8.452412347184735941e-02
8.417118643556693869e-02
8.382107861802189086e-02
8.347376683236741590e-02
8.312921840134149254e-02
8.278740114762998814e-02
8.244828338444848415e-02
8.211183390633354506e-02
8.177802198013905954e-02
8.144681733623192199e-02
8.111819015988221138e-02
8.079211108284316267e-02
8.046855117511515776e-02
8.014748193689029410e-02
7.982887529067192456e-02
7.951270357356549079e-02
7.919893952973615370e-02
7.888755630302894672e-02
7.857852742974748284e-02
7.827182683158709353e-02
7.796742880871924963e-02
7.766530803302264252e-02
7.736543954145787272e-02
7.706779872958223476e-02
7.677236134520072641e-02
7.647910348215100629e-02
7.618800157421733166e-02
7.589903238917225514e-02
7.561217302294188924e-02
7.532740089389176885e-02
7.504469373723098025e-02
7.476402959953122596e-02
7.448538683335882704e-02
7.420874409201562438e-02
7.393408032438755773e-02
7.366137476989811916e-02
7.339060695356347530e-02
7.312175668114796745e-02
7.285480403441624286e-02
7.258972936648147578e-02
7.232651329724634759e-02
7.206513670893452406e-02
7.180558074171121408e-02
7.154782678939061724e-02
7.129185649522762347e-02
7.103765174779291813e-02
7.078519467692857836e-02
7.053446764978289762e-02
7.028545326692277329e-02
7.003813435852111746e-02
6.979249398061895815e-02
6.954851541145878890e-02
6.930618214788937526e-02
6.906547790183925617e-02
6.882638659685744176e-02
6.858889236472094642e-02
6.835297954210602100e-02
6.811863266732298694e-02
6.788583647711286806e-02
6.765457590350412720e-02
6.742483607072888296e-02
6.719660229219653891e-02
6.696986006752407572e-02
6.674459507962227089e-02
6.652079319183490380e-02
6.629844044513216739e-02
6.607752305535485871e-02
6.585802741051023645e-02
6.563994006811697812e-02
6.542324775259862613e-02
6.520793735272534253e-02
6.499399591910146046e-02
6.478141066169897100e-02
6.457016894743568269e-02
6.436025829779694341e-02
6.415166638650059150e-02
6.394438103720279098e-02
6.373839022124618003e-02
6.353368205544733527e-02
6.333024479992387101e-02
6.312806685596006329e-02
6.292713676391036015e-02
6.272744320113951555e-02
6.252897497999948540e-02
6.233172104584130957e-02
6.213567047506213942e-02
6.194081247318603684e-02
6.174713637297841312e-02
6.155463163259295573e-02
6.136328783375093188e-02
6.117309467995159927e-02
6.098404199471332832e-02
6.079611971984548446e-02
6.060931791374909311e-02
6.042362674974706416e-02
6.023903651444265095e-02
6.005553760610590069e-02
5.987312053308690291e-02
5.969177591225681423e-02
5.951149446747390492e-02
5.933226702807647274e-02
5.915408452740027190e-02
5.897693800132097763e-02
5.880081858682090212e-02
5.862571752057949698e-02
5.845162613758733000e-02
5.827853586978255784e-02
5.810643824471049129e-02
5.793532488420478216e-02
5.776518750309030115e-02
5.759601790790698506e-02
5.742780799565522926e-02
5.726054975256088253e-02
5.709423525286072554e-02
5.692885665760755165e-02
5.676440621349417709e-02
5.660087625169717834e-02
5.643825918673819192e-02
5.627654751536431688e-02
5.611573381544577438e-02
5.595581074489167778e-02
5.579677104058246295e-02
5.563860751731984633e-02
5.548131306679285335e-02
5.532488065656047949e-02
5.516930332905025519e-02
5.501457420057250663e-02
5.486068646035018037e-02
5.470763336956355888e-02
5.455540826041015839e-02
5.440400453517908741e-02
5.425341566533952581e-02
5.410363519064392140e-02
5.395465671824437731e-02
5.380647392182275751e-02
5.365908054073459388e-02
5.351247037916564281e-02
5.336663730530130656e-02
5.322157525050894011e-02
5.307727820853271744e-02
5.293374023470012041e-02
5.279095544514107036e-02
5.264891801601844640e-02
5.250762218277035126e-02
5.236706223936375693e-02
5.222723253755898881e-02
5.208812748618601995e-02
5.194974155043051434e-02
5.181206925113134021e-02
5.167510516408790194e-02
5.153884391937824799e-02
5.140328020068685166e-02
5.126840874464234227e-02
5.113422434016535317e-02
5.100072182782516839e-02
5.086789609920674277e-02
5.073574209628614606e-02
5.060425481081549937e-02
5.047342928371677251e-02
5.034326060448436613e-02
5.021374391059631875e-02
5.008487438693392385e-02
4.995664726520997884e-02
4.982905782340468770e-02
4.970210138521055643e-02
4.957577331948403998e-02
4.945006903970616124e-02
4.932498400344990236e-02
4.920051371185574923e-02
4.907665370911444558e-02
4.895339958195687319e-02
4.883074695915141233e-02
4.870869151100844230e-02
4.858722894889131588e-02
4.846635502473455037e-02
4.834606553056891576e-02
4.822635629805254592e-02
4.810722319800923852e-02
4.798866213997275698e-02
4.787066907173748859e-02
4.775323997891536137e-02
4.763637088449893670e-02
4.752005784843051084e-02
4.740429696717675390e-02
4.728908437330997527e-02
4.717441623509406601e-02
4.706028875607706080e-02
4.694669817468867523e-02
4.683364076384353286e-02
4.672111283054930508e-02
4.660911071552115148e-02
4.649763079280015698e-02
4.638666946937797242e-02
4.627622318482551428e-02
4.616628841092747237e-02
4.605686165132127918e-02
4.594793944114099193e-02
4.583951834666571273e-02
4.573159496497310184e-02
4.562416592359717915e-02
4.551722788019067767e-02
4.541077752219182390e-02
4.530481156649585062e-02
4.519932675913022196e-02
4.509431987493459776e-02
4.498978771724487097e-02
4.488572711758132688e-02
4.478213493534063949e-02
4.467900805749238508e-02
4.457634339827881015e-02
4.447413789891917907e-02
4.437238852731741068e-02
4.427109227777396849e-02
4.417024617070079012e-02
4.406984725234054656e-02
4.396989259448919052e-02
4.387037929422209909e-02
4.377130447362356097e-02
4.367266527952012173e-02
4.357445888321673927e-02
4.347668248023687371e-02
4.337933329006532501e-02
4.328240855589481073e-02
4.318590554437551354e-02
4.308982154536749459e-02
4.299415387169683300e-02
4.289889985891427032e-02
4.280405686505726198e-02
4.270962227041469328e-02
4.261559347729471092e-02
4.252196790979538565e-02
4.242874301357822675e-02
4.233591625564456923e-02
4.224348512411449375e-02
4.215144712800866778e-02
4.205979979703315663e-02
4.196854068136603860e-02
4.187766735144749647e-02
4.178717739777213641e-02
4.169706843068367308e-02
4.160733808017244573e-02
4.151798399567505765e-02
4.142900384587684670e-02
4.134039531851637500e-02
4.125215612019247913e-02
4.116428397617370727e-02
4.107677663020968539e-02
4.098963184434538387e-02
4.090284739873687597e-02
4.081642109146998987e-02
4.073035073838057046e-02
4.064463417287729474e-02
4.055926924576629816e-02
4.047425382507816721e-02
4.038958579589656261e-02
4.030526306018949317e-02
4.022128353664193579e-02
4.013764516049082159e-02
4.005434588336200669e-02
3.997138367310876933e-02
3.988875651365253461e-02
3.980646240482554887e-02
3.972449936221486566e-02
3.964286541700887123e-02
3.956155861584503136e-02
3.948057702065962959e-02
3.939991870853915695e-02
3.931958177157365147e-02
3.923956431671141859e-02
3.915986446561568052e-02
3.908048035452264812e-02
3.900141013410147323e-02
3.892265196931549154e-02
3.884420403928544319e-02
3.876606453715398387e-02
3.868823166995168789e-02
3.861070365846485525e-02
3.853347873710464416e-02
3.845655515377750799e-02
3.837993116975745023e-02
3.830360505955970191e-02
3.822757511081540521e-02
3.815183962414816360e-02
3.807639691305170909e-02
3.800124530376911003e-02
3.792638313517326248e-02
3.785180875864860295e-02
3.777752053797449328e-02
3.770351684920930646e-02
3.762979608057635122e-02
3.755635663235098315e-02
3.748319691674871501e-02
3.741031535781445816e-02
3.733771039131380393e-02
3.726538046462430503e-02
3.719332403662902603e-02
3.712153957761055861e-02
3.705002556914648026e-02
3.697878050400600636e-02
3.690780288604768311e-02
3.683709123011802422e-02
3.676664406195159773e-02
3.669645991807202190e-02
3.662653734569391861e-02
3.655687490262621298e-02
3.648747115717607126e-02
3.641832468805440010e-02
3.634943408428175510e-02
3.628079794509597028e-02
3.621241487985996793e-02
3.614428350797125461e-02
3.607640245877216656e-02
3.600877037146068410e-02
3.594138589500285585e-02
3.587424768804554215e-02
3.580735441883077519e-02
3.574070476511004291e-02
3.567429741406061977e-02
3.560813106220184904e-02
3.554220441531279195e-02
3.547651618835070964e-02
3.541106510537012780e-02
3.534584989944318523e-02
3.528086931258025277e-02
3.521612209565205126e-02
3.515160700831198443e-02
3.508732281891971394e-02
3.502326830446506056e-02
3.495944225049332083e-02
3.489584345103079882e-02
3.483247070851139965e-02
3.476932283370393062e-02
3.470639864564002003e-02
3.464369697154307676e-02
3.458121664675755519e-02
3.451895651467932341e-02
3.445691542668669755e-02
3.439509224207187160e-02
3.433348582797346449e-02
3.427209505930929601e-02
3.421091881871041879e-02
3.414995599645532370e-02
3.408920549040501957e-02
3.402866620593873043e-02
3.396833705589027974e-02
3.390821696048521017e-02
3.384830484727806982e-02
3.378859965109125285e-02
3.372910031395328495e-02
3.366980578503874638e-02
3.361071502060813954e-02
3.355182698394881813e-02
3.349314064531604129e-02
3.343465498187499219e-02
3.337636897764316435e-02
3.331828162343360850e-02
3.326039191679823481e-02
3.320269886197210751e-02
3.314520146981807941e-02
3.308789875777227302e-02
3.303078974978959637e-02
3.297387347629018167e-02
3.291714897410622648e-02
3.286061528642948704e-02
3.280427146275888273e-02
3.274811655884921069e-02
3.269214963665985352e-02
3.263636976430420861e-02
3.258077601599959627e-02
3.252536747201772299e-02
3.247014321863538056e-02
3.241510234808590851e-02
3.236024395851092722e-02
3.230556715391256356e-02
3.225107104410646769e-02
3.219675474467458692e-02
3.214261737691908455e-02
3.208865806781630720e-02
3.203487594997136284e-02
3.198127016157303881e-02
3.192783984634915695e-02
3.187458415352247693e-02
3.182150223776685632e-02
3.176859325916388255e-02
3.171585638315996269e-02
3.166329078052385060e-02
3.161089562730438896e-02
3.155867010478889678e-02
3.150661339946163320e-02
3.145472470296312856e-02
3.140300321204937684e-02
3.135144812855179125e-02
3.130005865933733339e-02
3.124883401626907600e-02
3.119777341616715785e-02
3.114687608077000222e-02
3.109614123669615995e-02
3.104556811540611083e-02
3.099515595316467906e-02
3.094490399100391712e-02
3.089481147468596534e-02
3.084487765466652903e-02
3.079510178605857768e-02
3.074548312859650898e-02
3.069602094660050379e-02
3.064671450894123489e-02
3.059756308900488803e-02
3.054856596465865826e-02
3.049972241821639549e-02
3.045103173640452410e-02
3.040249321032839971e-02
3.035410613543906497e-02
3.030586981149991851e-02
3.025778354255426877e-02
3.020984663689254071e-02
3.016205840702025284e-02
3.011441816962612608e-02
3.006692524555048748e-02
3.001957895975385440e-02
2.997237864128600437e-02
2.992532362325516643e-02
2.987841324279755587e-02
2.983164684104717621e-02
2.978502376310583621e-02
2.973854335801352083e-02
2.969220497871901190e-02
2.964600798205065807e-02
2.959995172868758878e-02
2.955403558313097340e-02
2.950825891367572437e-02
2.946262109238245719e-02
2.941712149504942947e-02
2.937175950118497622e-02
2.932653449398026427e-02
2.928144586028195648e-02
2.923649299056543804e-02
2.919167527890810521e-02
2.914699212296289685e-02
2.910244292393214874e-02
2.905802708654158656e-02
2.901374401901460343e-02
2.896959313304674558e-02
2.892557384378038887e-02
2.888168556977958878e-02
2.883792773300537099e-02
2.879429975879107401e-02
2.875080107581773001e-02
2.870743111608994175e-02
2.866418931491209951e-02
2.862107511086416783e-02
2.857808794577836042e-02
2.853522726471569362e-02
2.849249251594271337e-02
2.844988315090862460e-02
2.840739862422237902e-02
2.836503839363010981e-02
2.832280191999271904e-02
2.828068866726369743e-02
2.823869810246702403e-02
2.819682969567527744e-02
2.815508291998819121e-02
2.811345725151096972e-02
2.807195216933298584e-02
2.803056715550684974e-02
2.798930169502738749e-02
2.794815527581072032e-02
2.790712738867395792e-02
2.786621752731462121e-02
2.782542518829031822e-02
2.778474987099900650e-02
2.774419107765866213e-02
2.770374831328790283e-02
2.766342108568617397e-02
2.762320890541454868e-02
2.758311128577620869e-02
2.754312774279771975e-02
2.750325779520986294e-02
2.746350096442871577e-02
2.742385677453747575e-02
2.738432475226770108e-02
2.734490442698096768e-02
2.730559533065090097e-02
2.726639699784506876e-02
2.722730896570702691e-02
2.718833077393884370e-02
2.714946196478333629e-02
2.711070208300669568e-02
2.707205067588126096e-02
2.703350729316827267e-02
2.699507148710105983e-02
2.695674281236795991e-02
2.691852082609572094e-02
2.688040508783291413e-02
2.684239515953349905e-02
2.680449060554034729e-02
2.676669099256931070e-02
2.672899588969296011e-02
2.669140486832468143e-02
2.665391750220302489e-02
2.661653336737593994e-02
2.657925204218507947e-02
2.654207310725073543e-02
2.650499614545621246e-02
2.646802074193274970e-02
2.643114648404457090e-02
2.639437296137392766e-02
2.635769976570609061e-02
2.632112649101496851e-02
2.628465273344823827e-02
2.624827809131312709e-02
2.621200216506185815e-02
2.617582455727759591e-02
2.613974487266015542e-02
2.610376271801223211e-02
2.606787770222514580e-02
2.603208943626553543e-02
2.599639753316116547e-02
2.596080160798772130e-02
2.592530127785516378e-02
2.588989616189455237e-02
2.585458588124451770e-02
2.581937005903837262e-02
2.578424832039088663e-02
2.574922029238543159e-02
2.571428560406117253e-02
2.567944388640018560e-02
2.564469477231489519e-02
2.561003789663556657e-02
2.557547289609784363e-02
2.554099940933023463e-02
2.550661707684217377e-02
2.547232554101150695e-02
2.543812444607268866e-02
2.540401343810460774e-02
2.536999216501895776e-02
2.533606027654816337e-02
2.530221742423383741e-02
2.526846326141513055e-02
2.523479744321724394e-02
2.520121962653993145e-02
2.516772947004617886e-02
2.513432663415103574e-02
2.510101078101027727e-02
2.506778157450935754e-02
2.503463868025251199e-02
2.500158176555183215e-02
2.496861049941622585e-02
2.493572455254084580e-02
2.490292359729637944e-02
2.487020730771836302e-02
2.483757535949691897e-02
2.480502742996599716e-02
2.477256319809316085e-02
2.474018234446941425e-02
2.470788455129883932e-02
2.467566950238853085e-02
2.464353688313860105e-02
2.461148638053207646e-02
2.457951768312513843e-02
2.454763048103723519e-02
2.451582446594130840e-02
2.448409933105413425e-02
2.445245477112674079e-02
2.442089048243485314e-02
2.438940616276941489e-02
2.435800151142722414e-02
2.432667622920154857e-02
2.429543001837296615e-02
2.426426258270008435e-02
2.423317362741043632e-02
2.420216285919154706e-02
2.417122998618176019e-02
2.414037471796138395e-02
2.410959676554398634e-02
2.407889584136731209e-02
2.404827165928487623e-02
2.401772393455706492e-02
2.398725238384263880e-02
2.395685672519018775e-02
2.392653667802967232e-02
2.389629196316390980e-02
2.386612230276044175e-02
2.383602742034294023e-02
2.380600704078332866e-02
2.377606089029324354e-02
2.374618869641630450e-02
2.371639018801970089e-02
2.368666509528645145e-02
2.365701314970735519e-02
2.362743408407310536e-02
2.359792763246658376e-02
2.356849353025497126e-02
2.353913151408201440e-02
2.350984132186050360e-02
2.348062269276459529e-02
2.345147536722225548e-02
2.342239908690777958e-02
2.339339359473436783e-02
2.336445863484673188e-02
2.333559395261379163e-02
2.330679929462126446e-02
2.327807440866464309e-02
2.324941904374183688e-02
2.322083295004614967e-02
2.319231587895922639e-02
2.316386758304382620e-02
2.313548781603713342e-02
2.310717633284364164e-02
2.307893288952829122e-02
2.305075724330965525e-02
2.302264915255324354e-02
2.299460837676467473e-02
2.296663467658296293e-02
2.293872781377393269e-02
2.291088755122369300e-02
2.288311365293187183e-02
2.285540588400542666e-02
2.282776401065182009e-02
2.280018780017301766e-02
2.277267702095871205e-02
2.274523144248032785e-02
2.271785083528449559e-02
2.269053497098702868e-02
2.266328362226658483e-02
2.263609656285858751e-02
2.260897356754903650e-02
2.258191441216852655e-02
2.255491887358626601e-02
2.252798672970397070e-02
2.250111775944991024e-02
2.247431174277318353e-02
2.244756846063771308e-02
2.242088769501648926e-02
2.239426922888575200e-02
2.236771284621924191e-02
2.234121833198257981e-02
2.231478547212750393e-02
2.228841405358632580e-02
2.226210386426633048e-02
2.223585469304415960e-02
2.220966632976035041e-02
2.218353856521397896e-02
2.215747119115700492e-02
2.213146400028903268e-02
2.210551678625193375e-02
2.207962934362446214e-02
2.205380146791691143e-02
2.202803295556617427e-02
2.200232360393003170e-02
2.197667321128238954e-02
2.195108157680798755e-02
2.192554850059723337e-02
2.190007378364115798e-02
2.187465722782636762e-02
2.184929863593010335e-02
2.182399781161510621e-02
2.179875455942490575e-02
2.177356868477866095e-02
2.174843999396644176e-02
2.172336829414431639e-02
2.169835339332957386e-02
2.167339510039593270e-02
2.164849322506873577e-02
2.162364757792032549e-02
2.159885797036532537e-02
2.157412421465585567e-02
2.154944612387714453e-02
2.152482351194276791e-02
2.150025619359006296e-02
2.147574398437575999e-02
2.145128670067125362e-02
2.142688415965836313e-02
2.140253617932465213e-02
2.137824257845925488e-02
2.135400317664823758e-02
2.132981779427042118e-02
2.130568625249296480e-02
2.128160837326713642e-02
2.125758397932397958e-02
2.123361289417000780e-02
2.120969494208313835e-02
2.118582994810835896e-02
2.116201773805369973e-02
2.113825813848593457e-02
2.111455097672659473e-02
2.109089608084784018e-02
2.106729327966840384e-02
2.104374240274958438e-02
2.102024328039121120e-02
2.099679574362759565e-02
2.097339962422374582e-02
2.095005475467137321e-02
2.092676096818486473e-02
2.090351809869752178e-02
2.088032598085774391e-02
2.085718445002508747e-02
2.083409334226657417e-02
2.081105249435281912e-02
2.078806174375433941e-02
2.076512092863766132e-02
2.074222988786190991e-02
2.071938846097499606e-02
2.069659648820965439e-02
2.067385381048035195e-02
2.065116026937926022e-02
2.062851570717275096e-02
2.060591996679799615e-02
2.058337289185925567e-02
2.056087432662427952e-02
2.053842411602104651e-02
2.051602210563414908e-02
2.049366814170128226e-02
2.047136207110993728e-02
2.044910374139388698e-02
2.042689300072977193e-02
2.040472969793387728e-02
2.038261368245867025e-02
2.036054480438945560e-02
2.033852291444105537e-02
2.031654786395470716e-02
2.029461950489445249e-02
2.027273768984431609e-02
2.025090227200471507e-02
2.022911310518934677e-02
2.020737004382219121e-02
2.018567294293410058e-02
2.016402165815977740e-02
2.014241604573462421e-02
2.012085596249157254e-02
2.009934126585817896e-02
2.007787181385327704e-02
2.005644746508417064e-02
2.003506807874349746e-02
2.001373351460617594e-02
1.999244363302652566e-02
1.997119829493513785e-02
1.994999736183607209e-02
1.992884069580384138e-02
1.990772815948045962e-02
