0.000000000000000000e+00
1.249920000000000000e+05
2.499840000000000000e+05
3.749760000000000000e+05
4.999680000000000000e+05
6.249600000000000000e+05
7.499520000000000000e+05
8.749440000000000000e+05
9.999360000000000000e+05
1.124928000000000000e+06
1.249920000000000000e+06
1.374912000000000000e+06
1.499904000000000000e+06
1.624896000000000000e+06
1.749888000000000000e+06
1.874880000000000000e+06
1.999872000000000000e+06
2.124864000000000000e+06
2.249856000000000000e+06
2.374848000000000000e+06
2.499840000000000000e+06
2.624832000000000000e+06
2.749824000000000000e+06
2.874816000000000000e+06
2.999808000000000000e+06
3.124800000000000000e+06
3.249792000000000000e+06
3.374784000000000000e+06
3.499776000000000000e+06
3.624768000000000000e+06
3.749760000000000000e+06
3.874752000000000000e+06
3.999744000000000000e+06
4.124736000000000000e+06
4.249728000000000000e+06
4.374720000000000000e+06
4.499712000000000000e+06
4.624704000000000000e+06
4.749696000000000000e+06
4.874688000000000000e+06
4.999680000000000000e+06
5.124672000000000000e+06
5.249664000000000000e+06
5.374656000000000000e+06
5.499648000000000000e+06
5.624640000000000000e+06
5.749632000000000000e+06
5.874624000000000000e+06
5.999616000000000000e+06
6.124608000000000000e+06
6.249600000000000000e+06
6.374592000000000000e+06
6.499584000000000000e+06
6.624576000000000000e+06
6.749568000000000000e+06
6.874560000000000000e+06
6.999552000000000000e+06
7.124544000000000000e+06
7.249536000000000000e+06
7.374528000000000000e+06
7.499520000000000000e+06
7.624512000000000000e+06
7.749504000000000000e+06
7.874496000000000000e+06
7.999488000000000000e+06
8.124480000000000000e+06
8.249472000000000000e+06
8.374464000000000000e+06
8.499456000000000000e+06
8.624448000000000000e+06
8.749440000000000000e+06
8.874432000000000000e+06
8.999424000000000000e+06
9.124416000000000000e+06
9.249408000000000000e+06
9.374400000000000000e+06
9.499392000000000000e+06
9.624384000000000000e+06
9.749376000000000000e+06
9.874368000000000000e+06
9.999360000000000000e+06
1.012435200000000000e+07
1.024934400000000000e+07
1.037433600000000000e+07
1.049932800000000000e+07
1.062432000000000000e+07
1.074931200000000000e+07
1.087430400000000000e+07
1.099929600000000000e+07
1.112428800000000000e+07
1.124928000000000000e+07
1.137427200000000000e+07
1.149926400000000000e+07
1.162425600000000000e+07
1.174924800000000000e+07
1.187424000000000000e+07
1.199923200000000000e+07
1.212422400000000000e+07
1.224921600000000000e+07
1.237420800000000000e+07
1.249920000000000000e+07
1.262419200000000000e+07
1.274918400000000000e+07
1.287417600000000000e+07
1.299916800000000000e+07
1.312416000000000000e+07
1.324915200000000000e+07
1.337414400000000000e+07
1.349913600000000000e+07
1.362412800000000000e+07
1.374912000000000000e+07
1.387411200000000000e+07
1.399910400000000000e+07
1.412409600000000000e+07
1.424908800000000000e+07
1.437408000000000000e+07
1.449907200000000000e+07
1.462406400000000000e+07
1.474905600000000000e+07
1.487404800000000000e+07
1.499904000000000000e+07
1.512403200000000000e+07
1.524902400000000000e+07
1.537401600000000000e+07
1.549900800000000000e+07
1.562400000000000000e+07
1.574899200000000000e+07
1.587398400000000000e+07
1.599897600000000000e+07
1.612396800000000000e+07
1.624896000000000000e+07
1.637395200000000000e+07
1.649894400000000000e+07
1.662393600000000000e+07
1.674892800000000000e+07
1.687392000000000000e+07
1.699891200000000000e+07
1.712390400000000000e+07
1.724889600000000000e+07
1.737388800000000000e+07
1.749888000000000000e+07
1.762387200000000000e+07
1.774886400000000000e+07
1.787385600000000000e+07
1.799884800000000000e+07
1.812384000000000000e+07
1.824883200000000000e+07
1.837382400000000000e+07
1.849881600000000000e+07
1.862380800000000000e+07
1.874880000000000000e+07
1.887379200000000000e+07
1.899878400000000000e+07
1.912377600000000000e+07
1.924876800000000000e+07
1.937376000000000000e+07
1.949875200000000000e+07
1.962374400000000000e+07
1.974873600000000000e+07
1.987372800000000000e+07
1.999872000000000000e+07
2.012371200000000000e+07
2.024870400000000000e+07
2.037369600000000000e+07
2.049868800000000000e+07
2.062368000000000000e+07
2.074867200000000000e+07
2.087366400000000000e+07
2.099865600000000000e+07
2.112364800000000000e+07
2.124864000000000000e+07
2.137363200000000000e+07
2.149862400000000000e+07
2.162361600000000000e+07
2.174860800000000000e+07
2.187360000000000000e+07
2.199859200000000000e+07
2.212358400000000000e+07
2.224857600000000000e+07
2.237356800000000000e+07
2.249856000000000000e+07
2.262355200000000000e+07
2.274854400000000000e+07
2.287353600000000000e+07
2.299852800000000000e+07
2.312352000000000000e+07
2.324851200000000000e+07
2.337350400000000000e+07
2.349849600000000000e+07
2.362348800000000000e+07
2.374848000000000000e+07
2.387347200000000000e+07
2.399846400000000000e+07
2.412345600000000000e+07
2.424844800000000000e+07
2.437344000000000000e+07
2.449843200000000000e+07
2.462342400000000000e+07
2.474841600000000000e+07
2.487340800000000000e+07
2.499840000000000000e+07
2.512339200000000000e+07
2.524838400000000000e+07
2.537337600000000000e+07
2.549836800000000000e+07
2.562336000000000000e+07
2.574835200000000000e+07
2.587334400000000000e+07
2.599833600000000000e+07
2.612332800000000000e+07
2.624832000000000000e+07
2.637331200000000000e+07
2.649830400000000000e+07
2.662329600000000000e+07
2.674828800000000000e+07
2.687328000000000000e+07
2.699827200000000000e+07
2.712326400000000000e+07
2.724825600000000000e+07
2.737324800000000000e+07
2.749824000000000000e+07
2.762323200000000000e+07
2.774822400000000000e+07
2.787321600000000000e+07
2.799820800000000000e+07
2.812320000000000000e+07
2.824819200000000000e+07
2.837318400000000000e+07
2.849817600000000000e+07
2.862316800000000000e+07
2.874816000000000000e+07
2.887315200000000000e+07
2.899814400000000000e+07
2.912313600000000000e+07
2.924812800000000000e+07
2.937312000000000000e+07
2.949811200000000000e+07
2.962310400000000000e+07
2.974809600000000000e+07
2.987308800000000000e+07
2.999808000000000000e+07
3.012307200000000000e+07
3.024806400000000000e+07
3.037305600000000000e+07
3.049804800000000000e+07
3.062304000000000000e+07
3.074803200000000000e+07
3.087302400000000000e+07
3.099801600000000000e+07
3.112300800000000000e+07
3.124800000000000000e+07
3.137299200000000000e+07
3.149798400000000000e+07
3.162297600000000000e+07
3.174796800000000000e+07
3.187296000000000000e+07
3.199795200000000000e+07
3.212294400000000000e+07
3.224793600000000000e+07
3.237292800000000000e+07
3.249792000000000000e+07
3.262291200000000000e+07
3.274790400000000000e+07
3.287289600000000000e+07
3.299788800000000000e+07
3.312288000000000000e+07
3.324787200000000000e+07
3.337286400000000000e+07
3.349785600000000000e+07
3.362284800000000000e+07
3.374784000000000000e+07
3.387283200000000000e+07
3.399782400000000000e+07
3.412281600000000000e+07
3.424780800000000000e+07
3.437280000000000000e+07
3.449779200000000000e+07
3.462278400000000000e+07
3.474777600000000000e+07
3.487276800000000000e+07
3.499776000000000000e+07
3.512275200000000000e+07
3.524774400000000000e+07
3.537273600000000000e+07
3.549772800000000000e+07
3.562272000000000000e+07
3.574771200000000000e+07
3.587270400000000000e+07
3.599769600000000000e+07
3.612268800000000000e+07
3.624768000000000000e+07
3.637267200000000000e+07
3.649766400000000000e+07
3.662265600000000000e+07
3.674764800000000000e+07
3.687264000000000000e+07
3.699763200000000000e+07
3.712262400000000000e+07
3.724761600000000000e+07
3.737260800000000000e+07
3.749760000000000000e+07
3.762259200000000000e+07
3.774758400000000000e+07
3.787257600000000000e+07
3.799756800000000000e+07
3.812256000000000000e+07
3.824755200000000000e+07
3.837254400000000000e+07
3.849753600000000000e+07
3.862252800000000000e+07
3.874752000000000000e+07
3.887251200000000000e+07
3.899750400000000000e+07
3.912249600000000000e+07
3.924748800000000000e+07
3.937248000000000000e+07
3.949747200000000000e+07
3.962246400000000000e+07
3.974745600000000000e+07
3.987244800000000000e+07
3.999744000000000000e+07
4.012243200000000000e+07
4.024742400000000000e+07
4.037241600000000000e+07
4.049740800000000000e+07
4.062240000000000000e+07
4.074739200000000000e+07
4.087238400000000000e+07
4.099737600000000000e+07
4.112236800000000000e+07
4.124736000000000000e+07
4.137235200000000000e+07
4.149734400000000000e+07
4.162233600000000000e+07
4.174732800000000000e+07
4.187232000000000000e+07
4.199731200000000000e+07
4.212230400000000000e+07
4.224729600000000000e+07
4.237228800000000000e+07
4.249728000000000000e+07
4.262227200000000000e+07
4.274726400000000000e+07
4.287225600000000000e+07
4.299724800000000000e+07
4.312224000000000000e+07
4.324723200000000000e+07
4.337222400000000000e+07
4.349721600000000000e+07
4.362220800000000000e+07
4.374720000000000000e+07
4.387219200000000000e+07
4.399718400000000000e+07
4.412217600000000000e+07
4.424716800000000000e+07
4.437216000000000000e+07
4.449715200000000000e+07
4.462214400000000000e+07
4.474713600000000000e+07
4.487212800000000000e+07
4.499712000000000000e+07
4.512211200000000000e+07
4.524710400000000000e+07
4.537209600000000000e+07
4.549708800000000000e+07
4.562208000000000000e+07
4.574707200000000000e+07
4.587206400000000000e+07
4.599705600000000000e+07
4.612204800000000000e+07
4.624704000000000000e+07
4.637203200000000000e+07
4.649702400000000000e+07
4.662201600000000000e+07
4.674700800000000000e+07
4.687200000000000000e+07
4.699699200000000000e+07
4.712198400000000000e+07
4.724697600000000000e+07
4.737196800000000000e+07
4.749696000000000000e+07
4.762195200000000000e+07
4.774694400000000000e+07
4.787193600000000000e+07
4.799692800000000000e+07
4.812192000000000000e+07
4.824691200000000000e+07
4.837190400000000000e+07
4.849689600000000000e+07
4.862188800000000000e+07
4.874688000000000000e+07
4.887187200000000000e+07
4.899686400000000000e+07
4.912185600000000000e+07
4.924684800000000000e+07
4.937184000000000000e+07
4.949683200000000000e+07
4.962182400000000000e+07
4.974681600000000000e+07
4.987180800000000000e+07
4.999680000000000000e+07
5.012179200000000000e+07
5.024678400000000000e+07
5.037177600000000000e+07
5.049676800000000000e+07
5.062176000000000000e+07
5.074675200000000000e+07
5.087174400000000000e+07
5.099673600000000000e+07
5.112172800000000000e+07
5.124672000000000000e+07
5.137171200000000000e+07
5.149670400000000000e+07
5.162169600000000000e+07
5.174668800000000000e+07
5.187168000000000000e+07
5.199667200000000000e+07
5.212166400000000000e+07
5.224665600000000000e+07
5.237164800000000000e+07
5.249664000000000000e+07
5.262163200000000000e+07
5.274662400000000000e+07
5.287161600000000000e+07
5.299660800000000000e+07
5.312160000000000000e+07
5.324659200000000000e+07
5.337158400000000000e+07
5.349657600000000000e+07
5.362156800000000000e+07
5.374656000000000000e+07
5.387155200000000000e+07
5.399654400000000000e+07
5.412153600000000000e+07
5.424652800000000000e+07
5.437152000000000000e+07
5.449651200000000000e+07
5.462150400000000000e+07
5.474649600000000000e+07
5.487148800000000000e+07
5.499648000000000000e+07
5.512147200000000000e+07
5.524646400000000000e+07
5.537145600000000000e+07
5.549644800000000000e+07
5.562144000000000000e+07
5.574643200000000000e+07
5.587142400000000000e+07
5.599641600000000000e+07
5.612140800000000000e+07
5.624640000000000000e+07
5.637139200000000000e+07
5.649638400000000000e+07
5.662137600000000000e+07
5.674636800000000000e+07
5.687136000000000000e+07
5.699635200000000000e+07
5.712134400000000000e+07
5.724633600000000000e+07
5.737132800000000000e+07
5.749632000000000000e+07
5.762131200000000000e+07
5.774630400000000000e+07
5.787129600000000000e+07
5.799628800000000000e+07
5.812128000000000000e+07
5.824627200000000000e+07
5.837126400000000000e+07
5.849625600000000000e+07
5.862124800000000000e+07
5.874624000000000000e+07
5.887123200000000000e+07
5.899622400000000000e+07
5.912121600000000000e+07
5.924620800000000000e+07
5.937120000000000000e+07
5.949619200000000000e+07
5.962118400000000000e+07
5.974617600000000000e+07
5.987116800000000000e+07
5.999616000000000000e+07
6.012115200000000000e+07
6.024614400000000000e+07
6.037113600000000000e+07
6.049612800000000000e+07
6.062112000000000000e+07
6.074611200000000000e+07
6.087110400000000000e+07
6.099609600000000000e+07
6.112108800000000000e+07
6.124608000000000000e+07
6.137107200000000000e+07
6.149606400000000000e+07
6.162105600000000000e+07
6.174604800000000000e+07
6.187104000000000000e+07
6.199603200000000000e+07
6.212102400000000000e+07
6.224601600000000000e+07
6.237100800000000000e+07
6.249600000000000000e+07
6.262099200000000000e+07
6.274598400000000000e+07
6.287097600000000000e+07
6.299596800000000000e+07
6.312096000000000000e+07
6.324595200000000000e+07
6.337094400000000000e+07
6.349593600000000000e+07
6.362092800000000000e+07
6.374592000000000000e+07
6.387091200000000000e+07
6.399590400000000000e+07
6.412089600000000000e+07
6.424588800000000000e+07
6.437088000000000000e+07
6.449587200000000000e+07
6.462086400000000000e+07
6.474585600000000000e+07
6.487084800000000000e+07
6.499584000000000000e+07
6.512083200000000000e+07
6.524582400000000000e+07
6.537081600000000000e+07
6.549580800000000000e+07
6.562080000000000000e+07
6.574579200000000000e+07
6.587078400000000000e+07
6.599577600000000000e+07
6.612076800000000000e+07
6.624576000000000000e+07
6.637075200000000000e+07
6.649574400000000000e+07
6.662073600000000000e+07
6.674572800000000000e+07
6.687072000000000000e+07
6.699571200000000000e+07
6.712070400000000000e+07
6.724569600000000000e+07
6.737068800000000000e+07
6.749568000000000000e+07
6.762067200000000000e+07
6.774566400000000000e+07
6.787065600000000000e+07
6.799564800000000000e+07
6.812064000000000000e+07
6.824563200000000000e+07
6.837062400000000000e+07
6.849561600000000000e+07
6.862060800000000000e+07
6.874560000000000000e+07
6.887059200000000000e+07
6.899558400000000000e+07
6.912057600000000000e+07
6.924556800000000000e+07
6.937056000000000000e+07
6.949555200000000000e+07
6.962054400000000000e+07
6.974553600000000000e+07
6.987052800000000000e+07
6.999552000000000000e+07
7.012051200000000000e+07
7.024550400000000000e+07
7.037049600000000000e+07
7.049548800000000000e+07
7.062048000000000000e+07
7.074547200000000000e+07
7.087046400000000000e+07
7.099545600000000000e+07
7.112044800000000000e+07
7.124544000000000000e+07
7.137043200000000000e+07
7.149542400000000000e+07
7.162041600000000000e+07
7.174540800000000000e+07
7.187040000000000000e+07
7.199539200000000000e+07
7.212038400000000000e+07
7.224537600000000000e+07
7.237036800000000000e+07
7.249536000000000000e+07
7.262035200000000000e+07
7.274534400000000000e+07
7.287033600000000000e+07
7.299532800000000000e+07
7.312032000000000000e+07
7.324531200000000000e+07
7.337030400000000000e+07
7.349529600000000000e+07
7.362028800000000000e+07
7.374528000000000000e+07
7.387027200000000000e+07
7.399526400000000000e+07
7.412025600000000000e+07
7.424524800000000000e+07
7.437024000000000000e+07
7.449523200000000000e+07
7.462022400000000000e+07
7.474521600000000000e+07
7.487020800000000000e+07
7.499520000000000000e+07
7.512019200000000000e+07
7.524518400000000000e+07
7.537017600000000000e+07
7.549516800000000000e+07
7.562016000000000000e+07
7.574515200000000000e+07
7.587014400000000000e+07
7.599513600000000000e+07
7.612012800000000000e+07
7.624512000000000000e+07
7.637011200000000000e+07
7.649510400000000000e+07
7.662009600000000000e+07
7.674508800000000000e+07
7.687008000000000000e+07
7.699507200000000000e+07
7.712006400000000000e+07
7.724505600000000000e+07
7.737004800000000000e+07
7.749504000000000000e+07
7.762003200000000000e+07
7.774502400000000000e+07
7.787001600000000000e+07
7.799500800000000000e+07
7.812000000000000000e+07
7.824499200000000000e+07
7.836998400000000000e+07
7.849497600000000000e+07
7.861996800000000000e+07
7.874496000000000000e+07
7.886995200000000000e+07
7.899494400000000000e+07
7.911993600000000000e+07
7.924492800000000000e+07
7.936992000000000000e+07
7.949491200000000000e+07
7.961990400000000000e+07
7.974489600000000000e+07
7.986988800000000000e+07
7.999488000000000000e+07
8.011987200000000000e+07
8.024486400000000000e+07
8.036985600000000000e+07
8.049484800000000000e+07
8.061984000000000000e+07
8.074483200000000000e+07
8.086982400000000000e+07
8.099481600000000000e+07
8.111980800000000000e+07
8.124480000000000000e+07
8.136979200000000000e+07
8.149478400000000000e+07
8.161977600000000000e+07
8.174476800000000000e+07
8.186976000000000000e+07
8.199475200000000000e+07
8.211974400000000000e+07
8.224473600000000000e+07
8.236972800000000000e+07
8.249472000000000000e+07
8.261971200000000000e+07
8.274470400000000000e+07
8.286969600000000000e+07
8.299468800000000000e+07
8.311968000000000000e+07
8.324467200000000000e+07
8.336966400000000000e+07
8.349465600000000000e+07
8.361964800000000000e+07
8.374464000000000000e+07
8.386963200000000000e+07
8.399462400000000000e+07
8.411961600000000000e+07
8.424460800000000000e+07
8.436960000000000000e+07
8.449459200000000000e+07
8.461958400000000000e+07
8.474457600000000000e+07
8.486956800000000000e+07
8.499456000000000000e+07
8.511955200000000000e+07
8.524454400000000000e+07
8.536953600000000000e+07
8.549452800000000000e+07
8.561952000000000000e+07
8.574451200000000000e+07
8.586950400000000000e+07
8.599449600000000000e+07
8.611948800000000000e+07
8.624448000000000000e+07
8.636947200000000000e+07
8.649446400000000000e+07
8.661945600000000000e+07
8.674444800000000000e+07
8.686944000000000000e+07
8.699443200000000000e+07
8.711942400000000000e+07
8.724441600000000000e+07
8.736940800000000000e+07
8.749440000000000000e+07
8.761939200000000000e+07
8.774438400000000000e+07
8.786937600000000000e+07
8.799436800000000000e+07
8.811936000000000000e+07
8.824435200000000000e+07
8.836934400000000000e+07
8.849433600000000000e+07
8.861932800000000000e+07
8.874432000000000000e+07
8.886931200000000000e+07
8.899430400000000000e+07
8.911929600000000000e+07
8.924428800000000000e+07
8.936928000000000000e+07
8.949427200000000000e+07
8.961926400000000000e+07
8.974425600000000000e+07
8.986924800000000000e+07
8.999424000000000000e+07
9.011923200000000000e+07
9.024422400000000000e+07
9.036921600000000000e+07
9.049420800000000000e+07
9.061920000000000000e+07
9.074419200000000000e+07
9.086918400000000000e+07
9.099417600000000000e+07
9.111916800000000000e+07
9.124416000000000000e+07
9.136915200000000000e+07
9.149414400000000000e+07
9.161913600000000000e+07
9.174412800000000000e+07
9.186912000000000000e+07
9.199411200000000000e+07
9.211910400000000000e+07
9.224409600000000000e+07
9.236908800000000000e+07
9.249408000000000000e+07
9.261907200000000000e+07
9.274406400000000000e+07
9.286905600000000000e+07
9.299404800000000000e+07
9.311904000000000000e+07
9.324403200000000000e+07
9.336902400000000000e+07
9.349401600000000000e+07
9.361900800000000000e+07
9.374400000000000000e+07
9.386899200000000000e+07
9.399398400000000000e+07
9.411897600000000000e+07
9.424396800000000000e+07
9.436896000000000000e+07
9.449395200000000000e+07
9.461894400000000000e+07
9.474393600000000000e+07
9.486892800000000000e+07
9.499392000000000000e+07
9.511891200000000000e+07
9.524390400000000000e+07
9.536889600000000000e+07
9.549388800000000000e+07
9.561888000000000000e+07
9.574387200000000000e+07
9.586886400000000000e+07
9.599385600000000000e+07
9.611884800000000000e+07
9.624384000000000000e+07
9.636883200000000000e+07
9.649382400000000000e+07
9.661881600000000000e+07
9.674380800000000000e+07
9.686880000000000000e+07
9.699379200000000000e+07
9.711878400000000000e+07
9.724377600000000000e+07
9.736876800000000000e+07
9.749376000000000000e+07
9.761875200000000000e+07
9.774374400000000000e+07
9.786873600000000000e+07
9.799372800000000000e+07
9.811872000000000000e+07
9.824371200000000000e+07
9.836870400000000000e+07
9.849369600000000000e+07
9.861868800000000000e+07
9.874368000000000000e+07
9.886867200000000000e+07
9.899366400000000000e+07
9.911865600000000000e+07
9.924364800000000000e+07
9.936864000000000000e+07
9.949363200000000000e+07
9.961862400000000000e+07
9.974361600000000000e+07
9.986860800000000000e+07
9.999360000000000000e+07
1.001185920000000000e+08
1.002435840000000000e+08
1.003685760000000000e+08
1.004935680000000000e+08
1.006185600000000000e+08
1.007435520000000000e+08
1.008685440000000000e+08
1.009935360000000000e+08
1.011185280000000000e+08
1.012435200000000000e+08
1.013685120000000000e+08
1.014935040000000000e+08
1.016184960000000000e+08
1.017434880000000000e+08
1.018684800000000000e+08
1.019934720000000000e+08
1.021184640000000000e+08
1.022434560000000000e+08
1.023684480000000000e+08
1.024934400000000000e+08
1.026184320000000000e+08
1.027434240000000000e+08
1.028684160000000000e+08
1.029934080000000000e+08
1.031184000000000000e+08
1.032433920000000000e+08
1.033683840000000000e+08
1.034933760000000000e+08
1.036183680000000000e+08
1.037433600000000000e+08
1.038683520000000000e+08
1.039933440000000000e+08
1.041183360000000000e+08
1.042433280000000000e+08
1.043683200000000000e+08
1.044933120000000000e+08
1.046183040000000000e+08
1.047432960000000000e+08
1.048682880000000000e+08
1.049932800000000000e+08
1.051182720000000000e+08
1.052432640000000000e+08
1.053682560000000000e+08
1.054932480000000000e+08
1.056182400000000000e+08
1.057432320000000000e+08
1.058682240000000000e+08
1.059932160000000000e+08
1.061182080000000000e+08
1.062432000000000000e+08
1.063681920000000000e+08
1.064931840000000000e+08
1.066181760000000000e+08
1.067431680000000000e+08
1.068681600000000000e+08
1.069931520000000000e+08
1.071181440000000000e+08
1.072431360000000000e+08
1.073681280000000000e+08
1.074931200000000000e+08
1.076181120000000000e+08
1.077431040000000000e+08
1.078680960000000000e+08
1.079930880000000000e+08
1.081180800000000000e+08
1.082430720000000000e+08
1.083680640000000000e+08
1.084930560000000000e+08
1.086180480000000000e+08
1.087430400000000000e+08
1.088680320000000000e+08
1.089930240000000000e+08
1.091180160000000000e+08
1.092430080000000000e+08
1.093680000000000000e+08
1.094929920000000000e+08
1.096179840000000000e+08
1.097429760000000000e+08
1.098679680000000000e+08
1.099929600000000000e+08
1.101179520000000000e+08
1.102429440000000000e+08
1.103679360000000000e+08
1.104929280000000000e+08
1.106179200000000000e+08
1.107429120000000000e+08
1.108679040000000000e+08
1.109928960000000000e+08
1.111178880000000000e+08
1.112428800000000000e+08
1.113678720000000000e+08
1.114928640000000000e+08
1.116178560000000000e+08
1.117428480000000000e+08
1.118678400000000000e+08
1.119928320000000000e+08
1.121178240000000000e+08
1.122428160000000000e+08
1.123678080000000000e+08
1.124928000000000000e+08
1.126177920000000000e+08
1.127427840000000000e+08
1.128677760000000000e+08
1.129927680000000000e+08
1.131177600000000000e+08
1.132427520000000000e+08
1.133677440000000000e+08
1.134927360000000000e+08
1.136177280000000000e+08
1.137427200000000000e+08
1.138677120000000000e+08
1.139927040000000000e+08
1.141176960000000000e+08
1.142426880000000000e+08
1.143676800000000000e+08
1.144926720000000000e+08
1.146176640000000000e+08
1.147426560000000000e+08
1.148676480000000000e+08
1.149926400000000000e+08
1.151176320000000000e+08
1.152426240000000000e+08
1.153676160000000000e+08
1.154926080000000000e+08
1.156176000000000000e+08
1.157425920000000000e+08
1.158675840000000000e+08
1.159925760000000000e+08
1.161175680000000000e+08
1.162425600000000000e+08
1.163675520000000000e+08
1.164925440000000000e+08
1.166175360000000000e+08
1.167425280000000000e+08
1.168675200000000000e+08
1.169925120000000000e+08
1.171175040000000000e+08
1.172424960000000000e+08
1.173674880000000000e+08
1.174924800000000000e+08
1.176174720000000000e+08
1.177424640000000000e+08
1.178674560000000000e+08
1.179924480000000000e+08
1.181174400000000000e+08
1.182424320000000000e+08
1.183674240000000000e+08
1.184924160000000000e+08
1.186174080000000000e+08
1.187424000000000000e+08
1.188673920000000000e+08
1.189923840000000000e+08
1.191173760000000000e+08
1.192423680000000000e+08
1.193673600000000000e+08
1.194923520000000000e+08
1.196173440000000000e+08
1.197423360000000000e+08
1.198673280000000000e+08
1.199923200000000000e+08
1.201173120000000000e+08
1.202423040000000000e+08
1.203672960000000000e+08
1.204922880000000000e+08
1.206172800000000000e+08
1.207422720000000000e+08
1.208672640000000000e+08
1.209922560000000000e+08
1.211172480000000000e+08
1.212422400000000000e+08
1.213672320000000000e+08
1.214922240000000000e+08
1.216172160000000000e+08
1.217422080000000000e+08
1.218672000000000000e+08
1.219921920000000000e+08
1.221171840000000000e+08
1.222421760000000000e+08
1.223671680000000000e+08
1.224921600000000000e+08
1.226171520000000000e+08
1.227421440000000000e+08
1.228671360000000000e+08
1.229921280000000000e+08
1.231171200000000000e+08
1.232421120000000000e+08
1.233671040000000000e+08
1.234920960000000000e+08
1.236170880000000000e+08
1.237420800000000000e+08
1.238670720000000000e+08
1.239920640000000000e+08
1.241170560000000000e+08
1.242420480000000000e+08
1.243670400000000000e+08
1.244920320000000000e+08
1.246170240000000000e+08
1.247420160000000000e+08
1.248670080000000000e+08
1.249920000000000000e+08
