7.442319408650011070e-01
7.977076643363263386e+00
7.411076366329218956e+00
6.952415190983284532e+00
6.558561925960671779e+00
6.208692903265373708e+00
5.891333089515646826e+00
5.599561056026449712e+00
5.328928630526291954e+00
5.076432572702207047e+00
4.839951251164570145e+00
4.617914042339921643e+00
4.409099591081495184e+00
4.212510717840306285e+00
4.027296830961313745e+00
3.852706255778134192e+00
3.688057370034006688e+00
3.532721404214804295e+00
3.386112324745166546e+00
3.247680898783553261e+00
3.116911140232180522e+00
2.993318047816848626e+00
2.876445996901475510e+00
2.765867426163010734e+00
2.661181629155432216e+00
2.562013559821479713e+00
2.468012616818423766e+00
2.378851401208843086e+00
2.294224456387046196e+00
2.213847004703822119e+00
2.137453696130755532e+00
2.064797382839933970e+00
1.995647931124752805e+00
1.929791079398749165e+00
1.867027348465848835e+00
1.807171008030765247e+00
1.750049101569030263e+00
1.695500530196940581e+00
1.643375195037032110e+00
1.593533196717912048e+00
1.545844090029347306e+00
1.500186191329140328e+00
1.456445936027446653e+00
1.414517283322567653e+00
1.374301165301869965e+00
1.335704977529388326e+00
1.298642108299330467e+00
1.263031503827924062e+00
1.228797266773194785e+00
1.195868285604833492e+00
1.164177892487386234e+00
1.133663547484963452e+00
1.104266547040190005e+00
1.075931754822244901e+00
1.048607353176025825e+00
1.022244613535878255e+00
9.967976842919119562e-01
9.722233947143771315e-01
9.484810736514902585e-01
9.255323818187978224e-01
9.033411565934591492e-01
8.818732683152376017e-01
8.610964871775931284e-01
8.409803598675978931e-01
8.214960951827520175e-01
8.026164579164761781e-01
7.843156703626154025e-01
7.665693208429876782e-01
7.493542787112360548e-01
7.326486153313297445e-01
7.164315305703984338e-01
7.006832843833402658e-01
6.853851331012873471e-01
6.705192700676582129e-01
6.560687702945090516e-01
6.420175388383807524e-01
6.283502626191496132e-01
6.150523654275211749e-01
6.021099658871985616e-01
5.895098381563032008e-01
5.772393751697136866e-01
5.652865542395465459e-01
5.536399048453454208e-01
5.422884784586295970e-01
5.312218202584667592e-01
5.204299426057851230e-01
5.099033001542169208e-01
4.996327664845986449e-01
4.896096121587269479e-01
4.798254840958623979e-01
4.702723861826256235e-01
4.609426610335833341e-01
4.518289728259132221e-01
4.429242911371226721e-01
4.342218757199922119e-01
4.257152621536525738e-01
4.173982483140956101e-01
4.092648816114629606e-01
4.013094469451984891e-01
3.935264553315724334e-01
3.859106331613006424e-01
3.784569120478806226e-01
3.711604192300225757e-01
3.640164684940449535e-01
3.570205515844264155e-01
3.501683300728827830e-01
3.434556276583011214e-01
3.368784228717340290e-01
3.304328421623616285e-01
3.241151533419168174e-01
3.179217593665430441e-01
3.118491924364358847e-01
3.058941083948638062e-01
3.000532814093836431e-01
2.943235989191128055e-01
2.887020568330164738e-01
2.831857549650264594e-01
2.777718926927809640e-01
2.724577648275409714e-01
2.672407576836279275e-01
2.621183453364498983e-01
2.570880860588386496e-01
2.521476189260471457e-01
2.472946605803438280e-01
2.425270021466754411e-01
2.378425062913900323e-01
2.332391044164607852e-01
2.287147939821344567e-01
2.242676359512993933e-01
2.198957523492911514e-01
2.155973239331985258e-01
2.113705879650744635e-01
2.072138360837835203e-01
2.031254122705150600e-01
1.991037109032532948e-01
1.951471748957905872e-01
1.912542939170883693e-01
1.874236026870352845e-01
1.836536793448676486e-01
1.799431438867213906e-01
1.762906566689751431e-01
1.726949169742199031e-01
1.691546616368790890e-01
1.656686637256374883e-01
1.622357312800035700e-01
1.588547060984670800e-01
1.555244625758515076e-01
1.522439065875705877e-01
1.490119744186427786e-01
1.458276317354009199e-01
1.426898725979630633e-01
1.395977185116141772e-01
1.365502175153434639e-01
1.335464433058854983e-01
1.305854943956720193e-01
1.276664933032047866e-01
1.247885857744168714e-01
1.219509400336653560e-01
1.191527460630721347e-01
1.163932149089804691e-01
1.136715780143608967e-01
1.109870865760627101e-01
1.083390109258389744e-01
1.057266399341596497e-01
1.031492804358277171e-01
1.006062566765130173e-01
9.809690977930729527e-02
9.562059723048743631e-02
9.317669238369108431e-02
9.076458398174558351e-02
8.838367569543359448e-02
8.603338567851481766e-02
8.371314613833169549e-02
8.142240292138935853e-02
7.916061511330907408e-02
7.692725465257199691e-02
7.472180595752386800e-02
7.254376556611163984e-02
7.039264178785242798e-02
6.826795436756272206e-02
6.616923416039233175e-02
6.409602281772130983e-02
6.204787248351129048e-02
6.002434550070889774e-02
5.802501412732086195e-02
5.604946026178603269e-02
5.409727517731799384e-02
5.216805926485335032e-02
5.026142178430947904e-02
4.837698062383022357e-02
4.651436206672776574e-02
4.467320056584589416e-02
4.285313852506100751e-02
4.105382608766927621e-02
3.927492093141449203e-02
3.751608806990769374e-02
3.577699966021563593e-02
3.405733481639816596e-02
3.235677942878378843e-02
3.067502598877225317e-02
2.901177341898952822e-02
2.736672690858155121e-02
2.573959775349077272e-02
2.413010320152686461e-02
2.253796630208071416e-02
2.096291576030273607e-02
1.940468579561349660e-02
1.786301600438477966e-02
1.633765122665609137e-02
1.482834141674604922e-02
1.333484151763553172e-02
1.185691133898458816e-02
1.039431543867685992e-02
8.946823007759840962e-03
7.514207758674729121e-03
6.096247816678390663e-03
4.692725614328985273e-03
3.303427788962309819e-03
1.928145083038734775e-03
5.666722472875695971e-04
-7.811920534589456011e-04
-2.115645331815407815e-03
-3.436881366863153708e-03
-4.745090290725895166e-03
-6.040458672771920057e-03
-7.323169601521573036e-03
-8.593402764328517129e-03
-9.851334524910160262e-03
-1.109713799878708773e-02
-1.233098312670100061e-02
-1.355303674607333253e-02
-1.476346266055983403e-02
-1.596242170776884794e-02
-1.715007182518923923e-02
-1.832656811438615474e-02
-1.949206290352178961e-02
-2.064670580824279345e-02
-2.179064379099104887e-02
-2.292402121877901156e-02
-2.404697991947846170e-02
-2.515965923667018433e-02
-2.626219608308477671e-02
-2.735472499269420155e-02
-2.843737817147384828e-02
-2.951028554689183458e-02
-3.057357481615086137e-02
-3.162737149322003560e-02
-3.267179895469896067e-02
-3.370697848453685364e-02
-3.473302931765209767e-02
-3.575006868246710656e-02
-3.675821184240801731e-02
-3.775757213638386567e-02
-3.874826101827943958e-02
-3.973038809549167549e-02
-4.070406116653380035e-02
-4.166938625772875771e-02
-4.262646765903144175e-02
-4.357540795898351416e-02
-4.451630807884388030e-02
-4.544926730590193031e-02
-4.637438332601262481e-02
-4.729175225535275917e-02
-4.820146867144237124e-02
-4.910362564343617731e-02
-4.999831476170790712e-02
-5.088562616675063044e-02
-5.176564857740717507e-02
-5.263846931844973209e-02
-5.350417434752530177e-02
-5.436284828148818526e-02
-5.521457442212762690e-02
-5.605943478131292235e-02
-5.689751010556864941e-02
-5.772887990009811787e-02
-5.855362245226070073e-02
-5.937181485453113527e-02
-6.018353302694134932e-02
-6.098885173902102164e-02
-6.178784463125930326e-02
-6.258058423608636733e-02
-6.336714199839310613e-02
-6.414758829560507358e-02
-6.492199245731289370e-02
-6.569042278447911887e-02
-6.645294656822287038e-02
-6.720963010820624195e-02
-6.796053873061247419e-02
-6.870573680574876274e-02
-6.944528776526837088e-02
-7.017925411902070643e-02
-7.090769747155101221e-02
-7.163067853824089948e-02
-7.234825716111770166e-02
-7.306049232432110241e-02
-7.376744216925412712e-02
-7.446916400941039349e-02
-7.516571434489505155e-02
-7.585714887664207762e-02
-7.654352252034046789e-02
-7.722488942007021961e-02
-7.790130296165653778e-02
-7.857281578575203707e-02
-7.923947980065337848e-02
-7.990134619485089740e-02
-8.055846544932965259e-02
-8.121088734961301459e-02
-8.185866099757543868e-02
-8.250183482300477156e-02
-8.314045659494084806e-02
-8.377457343278260637e-02
-8.440423181717982004e-02
-8.502947760069778926e-02
-8.565035601828341338e-02
-8.626691169751821153e-02
-8.687918866866273238e-02
-8.748723037452010853e-02
-8.809107968009299849e-02
-8.869077888205423310e-02
-8.928636971804049249e-02
-8.987789337575924353e-02
-9.046539050191904074e-02
-9.104890121099196154e-02
-9.162846509380850879e-02
-9.220412122597976268e-02
-9.277590817616998553e-02
-9.334386401420002866e-02
-9.390802631901129516e-02
-9.446843218645983864e-02
-9.502511823698589488e-02
-9.557812062311821233e-02
-9.612747503685281636e-02
-9.667321671688522411e-02
-9.721538045571131992e-02
-9.775400060659789059e-02
-9.828911109041682526e-02
-9.882074540236296389e-02
-9.934893661853994029e-02
-9.987371740242967366e-02
-1.003951200112424003e-01
-1.009131763021476891e-01
-1.014279177383984321e-01
-1.019393753953370396e-01
-1.024475799662967201e-01
-1.029525617683936245e-01
-1.034543507482200697e-01
-1.039529764874272955e-01
-1.044484682082147398e-01
-1.049408547787216150e-01
-1.054301647183152335e-01
-1.059164262027946224e-01
-1.063996670694981050e-01
-1.068799148223174011e-01
-1.073571966366286823e-01
-1.078315393641354758e-01
-1.083029695376257484e-01
-1.087715133756468333e-01
-1.092371967870980898e-01
-1.097000453757460692e-01
-1.101600844446585237e-01
-1.106173390005650292e-01
-1.110718337581394488e-01
-1.115235931442105644e-01
-1.119726413019007660e-01
-1.124190020946950197e-01
-1.128626991104360044e-01
-1.133037556652580768e-01
-1.137421948074492928e-01
-1.141780393212511457e-01
-1.146113117305919138e-01
-1.150420343027592773e-01
-1.154702290520125407e-01
-1.158959177431305720e-01
-1.163191218949027883e-01
-1.167398627835642966e-01
-1.171581614461679743e-01
-1.175740386839099205e-01
-1.179875150653914018e-01
-1.183986109298300615e-01
-1.188073463902211691e-01
-1.192137413364459109e-01
-1.196178154383237269e-01
-1.200195881486244565e-01
-1.204190787060227530e-01
-1.208163061380088665e-01
-1.212112892637549066e-01
-1.216040466969273703e-01
-1.219945968484620336e-01
-1.223829579292917691e-01
-1.227691479530286234e-01
-1.231531847386048151e-01
-1.235350859128730994e-01
-1.239148689131643888e-01
-1.242925509898048508e-01
-1.246681492085928156e-01
-1.250416804532369364e-01
-1.254131614277608220e-01
-1.257826086588583747e-01
-1.261500384982271461e-01
-1.265154671248519547e-01
-1.268789105472625245e-01
-1.272403846057511556e-01
-1.275999049745566438e-01
-1.279574871640172251e-01
-1.283131465226862167e-01
-1.286668982394179039e-01
-1.290187573454221193e-01
-1.293687387162851810e-01
-1.297168570739609672e-01
-1.300631269887313479e-01
-1.304075628811397491e-01
-1.307501790238893014e-01
-1.310909895437191164e-01
-1.314300084232470356e-01
-1.317672495027897295e-01
-1.321027264821487135e-01
-1.324364529223762688e-01
-1.327684422475131631e-01
-1.330987077462967294e-01
-1.334272625738490703e-01
-1.337541197533366200e-01
-1.340792921776068347e-01
-1.344027926107999038e-01
-1.347246336899359243e-01
-1.350448279264836460e-01
-1.353633877078973535e-01
-1.356803252991410913e-01
-1.359956528441838008e-01
-1.363093823674748073e-01
-1.366215257754002099e-01
-1.369320948577129604e-01
-1.372411012889472870e-01
-1.375485566298124684e-01
-1.378544723285614060e-01
-1.381588597223466497e-01
-1.384617300385504457e-01
-1.387630943961012386e-01
-1.390629638067696350e-01
-1.393613491764417178e-01
-1.396582613063823697e-01
-1.399537108944741703e-01
-1.402477085364404186e-01
-1.405402647270539429e-01
-1.408313898613242632e-01
-1.411210942356715403e-01
-1.414093880490828736e-01
-1.416962814042513896e-01
-1.419817843087044507e-01
-1.422659066759056623e-01
-1.425486583263561036e-01
-1.428300489886662472e-01
-1.431100883006232172e-01
-1.433887858102385060e-01
-1.436661509767801492e-01
-1.439421931717977943e-01
-1.442169216801226783e-01
-1.444903457008676062e-01
-1.447624743483985066e-01
-1.450333166533041007e-01
-1.453028815633498061e-01
-1.455711779444135434e-01
-1.458382145814162145e-01
-1.461040001792325294e-01
-1.463685433635977251e-01
-1.466318526819957446e-01
-1.468939366045350914e-01
-1.471548035248197994e-01
-1.474144617608013075e-01
-1.476729195556224505e-01
-1.479301850784507932e-01
-1.481862664252993067e-01
-1.484411716198378306e-01
-1.486949086141916565e-01
-1.489474852897313406e-01
-1.491989094578521913e-01
-1.494491888607427654e-01
-1.496983311721423737e-01
-1.499463439980922574e-01
-1.501932348776721104e-01
-1.504390112837328264e-01
-1.506836806236119264e-01
-1.509272502398479876e-01
-1.511697274108825262e-01
-1.514111193517476694e-01
-1.516514332147551603e-01
-1.518906760901695963e-01
-1.521288550068716772e-01
-1.523659769330200087e-01
-1.526020487766980294e-01
-1.528370773865550536e-01
-1.530710695524408749e-01
-1.533040320060274908e-01
-1.535359714214298288e-01
-1.537668944158120388e-01
-1.539968075499885680e-01
-1.542257173290223493e-01
-1.544536302028055585e-01
-1.546805525666440362e-01
-1.549064907618237230e-01
-1.551314510761817589e-01
-1.553554397446567092e-01
-1.555784629498486726e-01
-1.558005268225527429e-01
-1.560216374423054608e-01
-1.562418008379097278e-01
-1.564610229879602743e-01
-1.566793098213636881e-01
-1.568966672178456756e-01
-1.571131010084589885e-01
-1.573286169760808040e-01
-1.575432208559084390e-01
-1.577569183359399663e-01
-1.579697150574602693e-01
-1.581816166155172176e-01
-1.583926285593842964e-01
-1.586027563930301199e-01
-1.588120055755747329e-01
-1.590203815217411387e-01
-1.592278896023037182e-01
-1.594345351445283221e-01
-1.596403234326105869e-01
-1.598452597081057025e-01
-1.600493491703548488e-01
-1.602525969769063030e-01
-1.604550082439324399e-01
-1.606565880466367391e-01
-1.608573414196664553e-01
-1.610572733575085236e-01
-1.612563888148884628e-01
-1.614546927071629501e-01
-1.616521899107050686e-01
-1.618488852632888886e-01
-1.620447835644692747e-01
-1.622398895759501469e-01
-1.624342080219627338e-01
-1.626277435896221757e-01
-1.628205009292943428e-01
-1.630124846549513284e-01
-1.632036993445219464e-01
-1.633941495402443378e-01
-1.635838397490070317e-01
-1.637727744426918930e-01
-1.639609580585104087e-01
-1.641483949993359781e-01
-1.643350896340334266e-01
-1.645210462977843013e-01
-1.647062692924101679e-01
-1.648907628866863595e-01
-1.650745313166618322e-01
-1.652575787859649203e-01
-1.654399094661153091e-01
-1.656215274968246831e-01
-1.658024369862969305e-01
-1.659826420115280143e-01
-1.661621466185961848e-01
-1.663409548229565216e-01
-1.665190706097237072e-01
-1.666964979339582431e-01
-1.668732407209490010e-01
-1.670493028664860047e-01
-1.672246882371400956e-01
-1.673994006705314952e-01
-1.675734439755989236e-01
-1.677468219328663857e-01
-1.679195382947039628e-01
-1.680915967855877158e-01
-1.682630011023585892e-01
-1.684337549144752089e-01
-1.686038618642641262e-01
-1.687733255671696186e-01
-1.689421496119990485e-01
-1.691103375611674453e-01
-1.692778929509350938e-01
-1.694448192916480078e-01
-1.696111200679724096e-01
-1.697767987391277655e-01
-1.699418587391156032e-01
-1.701063034769488835e-01
-1.702701363368773757e-01
-1.704333606786094801e-01
-1.705959798375334957e-01
-1.707579971249350015e-01
-1.709194158282149045e-01
-1.710802392110997161e-01
-1.712404705138537153e-01
-1.714001129534915568e-01
-1.715591697239787772e-01
-1.717176439964426260e-01
-1.718755389193696859e-01
-1.720328576188074887e-01
-1.721896031985664655e-01
-1.723457787404085728e-01
-1.725013873042485768e-01
-1.726564319283431237e-01
-1.728109156294792559e-01
-1.729648414031632608e-01
-1.731182122238096310e-01
-1.732710310449204760e-01
-1.734233007992727060e-01
-1.735750243990923369e-01
-1.737262047362386763e-01
-1.738768446823776292e-01
-1.740269470891572245e-01
-1.741765147883810316e-01
-1.743255505921786908e-01
-1.744740572931745559e-01
-1.746220376646590022e-01
-1.747694944607486311e-01
-1.749164304165560235e-01
-1.750628482483489456e-01
-1.752087506537118866e-01
-1.753541403117067077e-01
-1.754990198830295167e-01
-1.756433920101642121e-01
-1.757872593175425768e-01
-1.759306244116920492e-01
-1.760734898813893778e-01
-1.762158582978099464e-01
-1.763577322146766546e-01
-1.764991141684053577e-01
-1.766400066782536360e-01
-1.767804122464600169e-01
-1.769203333583898585e-01
-1.770597724826749042e-01
-1.771987320713550584e-01
-1.773372145600123906e-01
-1.774752223679129104e-01
-1.776127578981393507e-01
-1.777498235377246161e-01
-1.778864216577881185e-01
-1.780225546136634529e-01
-1.781582247450310685e-01
-1.782934343760466112e-01
-1.784281858154684874e-01
-1.785624813567837643e-01
-1.786963232783363997e-01
-1.788297138434459255e-01
-1.789626553005354559e-01
-1.790951498832500377e-01
-1.792271998105781083e-01
-1.793588072869719552e-01
-1.794899745024616244e-01
-1.796207036327784889e-01
-1.797509968394654933e-01
-1.798808562699936164e-01
-1.800102840578760022e-01
-1.801392823227804252e-01
-1.802678531706397580e-01
-1.803959986937629933e-01
-1.805237209709443791e-01
-1.806510220675728862e-01
-1.807779040357360145e-01
-1.809043689143307043e-01
-1.810304187291643663e-01
-1.811560554930610190e-01
-1.812812812059653167e-01
-1.814060978550412484e-01
-1.815305074147787190e-01
-1.816545118470895837e-01
-1.817781131014075680e-01
-1.819013131147882989e-01
-1.820241138120053392e-01
-1.821465171056489973e-01
-1.822685248962180316e-01
-1.823901390722176830e-01
-1.825113615102533782e-01
-1.826321940751213235e-01
-1.827526386199042063e-01
-1.828726969860580143e-01
-1.829923710035081807e-01
-1.831116624907326296e-01
-1.832305732548572541e-01
-1.833491050917371856e-01
-1.834672597860502741e-01
-1.835850391113776903e-01
-1.837024448302940760e-01
-1.838194786944499226e-01
-1.839361424446551707e-01
-1.840524378109651416e-01
-1.841683665127576974e-01
-1.842839302588218375e-01
-1.843991307474340813e-01
-1.845139696664378492e-01
-1.846284486933270630e-01
-1.847425694953218622e-01
-1.848563337294466535e-01
-1.849697430426090472e-01
-1.850827990716753524e-01
-1.851955034435468495e-01
-1.853078577752339529e-01
-1.854198636739343709e-01
-1.855315227371012732e-01
-1.856428365525215618e-01
-1.857538066983868141e-01
-1.858644347433637822e-01
-1.859747222466678895e-01
-1.860846707581320647e-01
-1.861942818182787951e-01
-1.863035569583867401e-01
-1.864124977005628958e-01
-1.865211055578070987e-01
-1.866293820340827470e-01
-1.867373286243821928e-01
-1.868449468147942438e-01
-1.869522380825668906e-01
-1.870592038961770287e-01
-1.871658457153921873e-01
-1.872721649913349218e-01
-1.873781631665459857e-01
-1.874838416750506109e-01
-1.875892019424149071e-01
-1.876942453858133630e-01
-1.877989734140875777e-01
-1.879033874278062122e-01
-1.880074888193274951e-01
-1.881112789728575097e-01
-1.882147592645094791e-01
-1.883179310623626090e-01
-1.884207957265223721e-01
-1.885233546091725776e-01
-1.886256090546399866e-01
-1.887275603994442719e-01
-1.888292099723584139e-01
-1.889305590944643232e-01
-1.890316090792057979e-01
-1.891323612324430359e-01
-1.892328168525113652e-01
-1.893329772302708713e-01
-1.894328436491595768e-01
-1.895324173852498406e-01
-1.896316997072978738e-01
-1.897306918767963646e-01
-1.898293951480284347e-01
-1.899278107681136030e-01
-1.900259399770648505e-01
-1.901237840078340291e-01
-1.902213440863627092e-01
-1.903186214316348046e-01
-1.904156172557208704e-01
-1.905123327638308384e-01
-1.906087691543588702e-01
-1.907049276189334286e-01
-1.908008093424641283e-01
-1.908964155031885879e-01
-1.909917472727186150e-01
-1.910868058160877236e-01
-1.911815922917953214e-01
-1.912761078518528945e-01
-1.913703536418304152e-01
-1.914643308008989742e-01
-1.915580404618759669e-01
-1.916514837512685032e-01
-1.917446617893193705e-01
-1.918375756900462248e-01
-1.919302265612902181e-01
-1.920226155047507488e-01
-1.921147436160356436e-01
-1.922066119846974619e-01
-1.922982216942780154e-01
-1.923895738223480034e-01
-1.924806694405484242e-01
-1.925715096146295435e-01
-1.926620954044949707e-01
-1.927524278642381850e-01
-1.928425080421815041e-01
-1.929323369809182731e-01
-1.930219157173490574e-01
-1.931112452827220549e-01
-1.932003267026706217e-01
-1.932891609972495761e-01
-1.933777491809781646e-01
-1.934660922628678170e-01
-1.935541912464707748e-01
-1.936420471299076240e-01
-1.937296609059088182e-01
-1.938170335618479845e-01
-1.939041660797801159e-01
-1.939910594364757657e-01
-1.940777146034560197e-01
-1.941641325470282453e-01
-1.942503142283212858e-01
-1.943362606033196549e-01
-1.944219726228950673e-01
-1.945074512328460736e-01
-1.945926973739252608e-01
-1.946777119818769997e-01
-1.947624959874691974e-01
-1.948470503165256051e-01
-1.949313758899605675e-01
-1.950154736238074449e-01
-1.950993444292549173e-01
-1.951829892126748511e-01
-1.952664088756587146e-01
-1.953496043150445560e-01
-1.954325764229492002e-01
-1.955153260867995568e-01
-1.955978541893652611e-01
-1.956801616087845419e-01
-1.957622492185983054e-01
-1.958441178877786681e-01
-1.959257684807568234e-01
-1.960072018574553487e-01
-1.960884188733177380e-01
-1.961694203793332703e-01
-1.962502072220687621e-01
-1.963307802436988769e-01
-1.964111402820299945e-01
-1.964912881705310754e-01
-1.965712247383620825e-01
-1.966509508104005155e-01
-1.967304672072670568e-01
-1.968097747453573243e-01
-1.968888742368639644e-01
-1.969677664898080716e-01
-1.970464523080630581e-01
-1.971249324913794121e-01
-1.972032078354170048e-01
-1.972812791317634096e-01
-1.973591471679663201e-01
-1.974368127275547558e-01
-1.975142765900673725e-01
-1.975915395310762213e-01
-1.976686023222110622e-01
-1.977454657311866759e-01
-1.978221305218250681e-01
-1.978985974540817816e-01
-1.979748672840689894e-01
-1.980509407640809183e-01
-1.981268186426160538e-01
-1.982025016644014537e-01
-1.982779905704177281e-01
-1.983532860979215773e-01
-1.984283889804671075e-01
-1.985032999479334759e-01
-1.985780197265420988e-01
-1.986525490388844073e-01
-1.987268886039410543e-01
-1.988010391371061170e-01
-1.988750013502081915e-01
-1.989487759515329302e-01
-1.990223636458461343e-01
-1.990957651344131829e-01
-1.991689811150214595e-01
-1.992420122820035555e-01
-1.993148593262560331e-01
-1.993875229352612966e-01
-1.994600037931092418e-01
-1.995323025805174622e-01
-1.996044199748518988e-01
-1.996763566501478238e-01
-1.997481132771287138e-01
-1.998196905232300091e-01
-1.998910890526138795e-01
-1.999623095261924277e-01
-2.000333526016490060e-01
-2.001042189334533150e-01
-2.001749091728848295e-01
-2.002454239680496739e-01
-2.003157639639020493e-01
-2.003859298022604429e-01
-2.004559221218290554e-01
-2.005257415582152314e-01
-2.005953887439492211e-01
-2.006648643085002792e-01
-2.007341688782987577e-01
-2.008033030767510940e-01
-2.008722675242596845e-01
-2.009410628382396480e-01
-2.010096896331379224e-01
-2.010781485204502506e-01
-2.011464401087391662e-01
-2.012145650036506472e-01
-2.012825238079333223e-01
-2.013503171214524601e-01
-2.014179455412115072e-01
-2.014854096613646339e-01
-2.015527100732369403e-01
-2.016198473653387779e-01
-2.016868221233844016e-01
-2.017536349303064025e-01
-2.018202863662752478e-01
-2.018867770087112712e-01
-2.019531074323042130e-01
-2.020192782090286521e-01
-2.020852899081585496e-01
-2.021511430962843470e-01
-2.022168383373286193e-01
-2.022823761925615083e-01
-2.023477572206150432e-01
-2.024129819775003503e-01
-2.024780510166221958e-01
-2.025429648887947520e-01
-2.026077241422540309e-01
-2.026723293226774247e-01
-2.027367809731938086e-01
-2.028010796344029698e-01
-2.028652258443843781e-01
-2.029292201387181693e-01
-2.029930630504958033e-01
-2.030567551103340529e-01
-2.031202968463923231e-01
-2.031836887843827544e-01
-2.032469314475886524e-01
-2.033100253568738136e-01
-2.033729710307013994e-01
-2.034357689851430395e-01
-2.034984197338958190e-01
-2.035609237882940459e-01
-2.036232816573235738e-01
-2.036854938476345689e-01
-2.037475608635559432e-01
-2.038094832071063456e-01
-2.038712613780108152e-01
-2.039328958737111064e-01
-2.039943871893786786e-01
-2.040557358179274638e-01
-2.041169422500306307e-01
-2.041780069741259140e-01
-2.042389304764359315e-01
-2.042997132409741790e-01
-2.043603557495620171e-01
-2.044208584818393293e-01
-2.044812219152771782e-01
-2.045414465251879088e-01
-2.046015327847410248e-01
-2.046614811649722920e-01
-2.047212921347960624e-01
-2.047809661610194842e-01
-2.048405037083506075e-01
-2.048999052394124831e-01
-2.049591712147552647e-01
-2.050183020928647570e-01
-2.050772983301777375e-01
-2.051361603810911705e-01
-2.051948886979721998e-01
-2.052534837311733584e-01
-2.053119459290400073e-01
-2.053702757379236576e-01
-2.054284736021917412e-01
-2.054865399642387125e-01
-2.055444752644978168e-01
-2.056022799414513047e-01
-2.056599544316410899e-01
-2.057174991696789634e-01
-2.057749145882576958e-01
-2.058322011181633604e-01
-2.058893591882818841e-01
-2.059463892256125916e-01
-2.060032916552777538e-01
-2.060600669005321350e-01
-2.061167153827728749e-01
-2.061732375215524771e-01
-2.062296337345842501e-01
-2.062859044377575168e-01
-2.063420500451426109e-01
-2.063980709690033111e-01
-2.064539676198079432e-01
-2.065097404062354869e-01
-2.065653897351886759e-01
-2.066209160118009924e-01
-2.066763196394478808e-01
-2.067316010197558507e-01
-2.067867605526121366e-01
-2.068417986361722472e-01
-2.068967156668725105e-01
-2.069515120394366248e-01
-2.070061881468850951e-01
-2.070607443805463355e-01
-2.071151811300638856e-01
-2.071694987834059587e-01
-2.072236977268729907e-01
-2.072777783451107414e-01
-2.073317410211136247e-01
-2.073855861362381425e-01
-2.074393140702078808e-01
-2.074929252011254999e-01
-2.075464199054786185e-01
-2.075997985581498062e-01
-2.076530615324254647e-01
-2.077062092000031557e-01
-2.077592419310001493e-01
-2.078121600939627500e-01
-2.078649640558734024e-01
-2.079176541821594615e-01
-2.079702308367022967e-01
-2.080226943818430652e-01
-2.080750451783929256e-01
-2.081272835856412540e-01
-2.081794099613609728e-01
-2.082314246618195419e-01
-2.082833280417857313e-01
-2.083351204545367263e-01
-2.083868022518661212e-01
-2.084383737840929118e-01
-2.084898354000678244e-01
-2.085411874471819749e-01
-2.085924302713726419e-01
-2.086435642171340366e-01
-2.086945896275197443e-01
-2.087455068441584904e-01
-2.087963162072502543e-01
