4.951226378562074260e+00
3.501045747470954428e+00
2.858591882481589241e+00
2.475613189281037130e+00
2.214255750890981034e+00
2.021329704747550249e+00
1.871387668922598779e+00
1.750522873735477214e+00
1.650408792854024531e+00
1.565715256736323280e+00
1.492850922709142214e+00
1.429295941240794621e+00
1.373223121871956609e+00
1.323270910924055244e+00
1.278401153831584702e+00
1.237806594640518565e+00
1.200848784420931903e+00
1.167015249156984735e+00
1.135889233197102000e+00
1.107127875445490517e+00
1.080446174410608640e+00
1.055605010748228878e+00
1.032402067189803097e+00
1.010664852373775124e+00
9.902452757124147187e-01
9.710153815578212999e-01
9.528639608271964878e-01
9.356938344612993896e-01
9.194196567582241242e-01
9.039661249510202445e-01
8.892665091245761655e-01
8.752614368677386070e-01
8.618978820861044055e-01
8.491283186436634489e-01
8.369100079931603986e-01
8.252043964270122656e-01
8.139766025551765649e-01
8.031949794704584811e-01
7.928307390701924140e-01
7.828576283681616399e-01
7.732516495021386493e-01
7.639908166328046590e-01
7.550549441237959236e-01
7.464254613545711070e-01
7.380852502969936779e-01
7.300185026209193850e-01
7.222105936131081316e-01
7.146479706203973103e-01
7.073180540802962435e-01
7.002091494941908856e-01
6.933103689414599202e-01
6.866115609359783045e-01
6.801032475969117641e-01
6.737765682491834163e-01
6.676232286901853108e-01
6.616354554620276218e-01
6.558059545559444814e-01
6.501278740499482067e-01
6.445947702445248284e-01
6.392005769157923512e-01
6.339395773525395850e-01
6.288063788840766444e-01
6.237958896408662968e-01
6.189032973202592824e-01
6.141240497560346290e-01
6.094538371134078369e-01
6.048885755512098950e-01
6.004243922104659514e-01
5.960576114039589646e-01
5.917847418948514182e-01
5.876024651643045882e-01
5.835076245784923676e-01
5.794972153746481558e-01
5.755683753939525582e-01
5.717183764963178483e-01
5.679446165985509998e-01
5.642446122830995225e-01
5.606159919296752614e-01
5.570564893265962381e-01
5.535639377227452584e-01
5.501362642846748807e-01
5.467714849266456234e-01
5.434676994843005149e-01
5.402230872053043198e-01
5.370359025326388869e-01
5.339044711583658120e-01
5.308271863275940694e-01
5.278025053741144390e-01
5.248289464707365237e-01
5.219050855787744636e-01
5.190295535824198669e-01
5.162010335949015483e-01
5.134182584243929259e-01
5.106800081885907172e-01
5.079851080677662001e-01
5.053324261868875622e-01
5.027208716181418291e-01
5.001493924958506643e-01
4.976169742363807380e-01
4.951226378562073593e-01
4.926654383817986038e-01
4.902444633454534628e-01
4.878588313616575856e-01
4.855076907789106500e-01
4.831902184023429969e-01
4.809056182827698422e-01
4.786531205681375245e-01
4.764319804135982439e-01
4.742414769467085400e-01
4.720809122844872308e-01
4.699496105992881922e-01
4.678469172306496948e-01
4.657721978404688046e-01
4.637248376090251645e-01
4.617042404695410052e-01
4.597098283791120621e-01
4.577410406239855178e-01
4.557973331572880427e-01
4.538781779674286865e-01
4.519830624755101223e-01
4.501114889601885438e-01
4.482629740085146697e-01
4.464370479913818968e-01
4.446332545622880827e-01
4.428511501781962068e-01
4.410903036413517664e-01
4.393502956609827703e-01
4.376307184338693035e-01
4.359311752428314257e-01
4.342512800722367894e-01
4.325906572396823746e-01
4.309489410430522027e-01
4.293257754221979083e-01
4.277208136345317935e-01
4.261337179438616229e-01
4.245641593218317245e-01
4.230118171613734268e-01
4.214763790015953471e-01
4.199575402635803978e-01
4.184550039965801993e-01
4.169684806341273919e-01
4.154976877596118223e-01
4.140423498808877834e-01
4.126021982135061328e-01
4.111769704721826013e-01
4.097664106701349729e-01
4.083702689259413043e-01
4.069883012775882825e-01
4.056202695033941374e-01
4.042659409495100165e-01
4.029250883637139347e-01
4.015974897352292405e-01
4.002829281403106898e-01
3.989811915933539899e-01
3.976920729032978885e-01
3.964153695350962070e-01
3.951508834760513178e-01
3.938984211068078944e-01
3.926577930768156977e-01
3.914288141840808199e-01
3.902113032590306951e-01
3.890050830523282821e-01
3.878099801264774382e-01
3.866258247510693247e-01
3.854524508015255702e-01
3.842896956612016357e-01
3.831374001267192075e-01
3.819954083164023295e-01
3.808635675816979815e-01
3.797417284214667510e-01
3.786297443990340184e-01
3.775274720618979618e-01
3.764347708639934065e-01
3.753515030904167604e-01
3.742775337845197781e-01
3.732127306772855535e-01
3.721569641189013677e-01
3.711101070124493972e-01
3.700720347496375129e-01
3.690426251484968390e-01
3.680217583929745739e-01
3.670093169743555706e-01
3.660051856344463395e-01
3.650092513104596925e-01
3.640214030815407398e-01
3.630415321168755094e-01
3.620695316253281781e-01
3.611052968065540658e-01
3.601487248035362687e-01
3.591997146564986365e-01
3.582581672581478527e-01
3.573239853101986552e-01
3.563970732811398978e-01
3.554773373651998747e-01
3.545646854424696626e-01
3.536590270401481217e-01
3.527602732948689201e-01
3.518683369160763297e-01
3.509831321504142121e-01
3.501045747470954428e-01
3.492325819242203533e-01
3.483670723360129950e-01
3.475079660409467475e-01
3.466551844707299601e-01
3.458086504001247063e-01
3.449682879175723915e-01
3.441340223966010137e-01
3.433057804679891523e-01
3.424834899926631482e-01
3.416670800353056592e-01
3.408564808386522205e-01
3.400516237984558821e-01
3.392524414390989396e-01
3.384588673898321631e-01
3.376708363616226505e-01
3.368882841245917081e-01
3.361111474860256076e-01
3.353393642689413423e-01
3.345728732911916747e-01
3.338116143450926554e-01
3.330555281775594012e-01
3.323045564707340915e-01
3.315586418230922483e-01
3.308177277310138109e-01
3.300817585708049062e-01
3.293506795811577126e-01
3.286244368460355947e-01
3.279029772779722407e-01
3.271862486017712013e-01
3.264741993385968377e-01
3.257667787904435230e-01
3.250639370249741034e-01
3.243656248607161841e-01
3.236717938526070815e-01
3.229823962778770596e-01
3.222973851222624142e-01
3.216167140665382451e-01
3.209403374733634795e-01
3.202682103744281528e-01
3.196002884578961756e-01
3.189365280561348714e-01
3.182768861337231248e-01
3.176213202757321441e-01
3.169697886762697925e-01
3.163222501272829890e-01
3.156786640076102990e-01
3.150389902722787738e-01
3.144031894420383222e-01
3.137712225931275078e-01
3.131430513472646671e-01
3.125186378618585725e-01
3.118979448204331484e-01
3.112809354232601855e-01
3.106675733781955051e-01
3.100578228917126866e-01
3.094516486601296412e-01
3.088490158610232572e-01
3.082498901448272877e-01
3.076542376266084844e-01
3.070620248780173145e-01
3.064732189194080414e-01
3.058877872121248953e-01
3.053056976509491149e-01
3.047269185567039185e-01
3.041514186690130184e-01
3.035791671392089053e-01
3.030101335233874593e-01
3.024442877756049475e-01
3.018816002412149091e-01
3.013220416503401000e-01
3.007655831114775524e-01
3.002121961052329757e-01
2.996618524781813897e-01
2.991145244368511036e-01
2.985701845418284317e-01
2.980288057019794823e-01
2.974903611687871319e-01
2.969548245308002432e-01
2.964221697081920737e-01
2.958923709474257091e-01
2.953654028160242473e-01
2.948412401974431218e-01
2.943198582860415691e-01
2.938012325821522941e-01
2.932853388872459499e-01
2.927721532991888753e-01
2.922616522075915380e-01
2.917538122892461838e-01
2.912486105036514172e-01
2.907460240886211578e-01
2.902460305559774745e-01
2.897486076873240779e-01
2.892537335298993595e-01
2.887613863925071467e-01
2.882715448415232307e-01
2.877841876969762791e-01
2.872992940287014685e-01
2.868168431525649487e-01
2.863368146267579739e-01
2.858591882481589241e-01
2.853839440487620505e-01
2.849110622921710023e-01
2.844405234701564145e-01
2.839723082992754999e-01
2.835063977175529271e-01
2.830427728812212052e-01
2.825814151615194114e-01
2.821223061415497613e-01
2.816654276131892454e-01
2.812107615740567779e-01
2.807582902245338019e-01
2.803079959648376307e-01
2.798598613921457479e-01
2.794138692977711225e-01
2.789700026643867625e-01
2.785282446632981190e-01
2.780885786517635072e-01
2.776509881703605465e-01
2.772154569403980640e-01
2.767819688613726292e-01
2.763505080084686094e-01
2.759210586301009682e-01
2.754936051455001422e-01
2.750681321423374404e-01
2.746446243743912996e-01
2.742230667592524540e-01
2.738034443760679060e-01
2.733857424633228117e-01
2.729699464166595591e-01
2.725560417867328167e-01
2.721440142771005544e-01
2.717338497421502574e-01
2.713255341850588365e-01
2.709190537557867318e-01
2.705143947491045475e-01
2.701115436026521599e-01
2.697104868950297996e-01
2.693112113439195543e-01
2.689137038042382910e-01
2.685179512663194434e-01
2.681239408541250535e-01
2.677316598234861789e-01
2.673410955603712780e-01
2.669522355791829060e-01
2.665650675210811671e-01
2.661795791523339227e-01
2.657957583626931464e-01
2.654135931637970347e-01
2.650330716875972659e-01
2.646541821848110709e-01
2.642769130233974528e-01
2.639012526870572195e-01
2.635271897737566649e-01
2.631547129942737873e-01
2.627838111707674340e-01
2.624144732353682619e-01
2.620466882287917909e-01
2.616804452989723306e-01
2.613157336997182223e-01
2.609525427893872318e-01
2.605908620295828704e-01
2.602306809838695334e-01
2.598719893165081229e-01
2.595147767912099335e-01
2.591590332699099108e-01
2.588047487115581746e-01
2.584519131709294149e-01
2.581005167974507741e-01
2.577505498340462164e-01
2.574020026159990482e-01
2.570548655698307039e-01
2.567091292121964630e-01
2.563647841487969870e-01
2.560218210733066768e-01
2.556802307663169627e-01
2.553400040942953586e-01
2.550011320085598387e-01
2.546636055442682012e-01
2.543274158194215873e-01
2.539925540338831000e-01
2.536590114684100783e-01
2.533267794837006925e-01
2.529958495194540857e-01
2.526662130934437811e-01
2.523378618006046903e-01
2.520107873121329445e-01
2.516849813745986597e-01
2.513604358090709145e-01
2.510371425102556620e-01
2.507150934456454650e-01
2.503942806546811117e-01
2.500746962479253321e-01
2.497563324062477552e-01
2.494391813800215796e-01
2.491232354883310685e-01
2.488084871181903690e-01
2.484949287237729898e-01
2.481825528256520197e-01
2.478713520100507828e-01
2.475613189281036797e-01
2.472524462951276036e-01
2.469447268899027104e-01
2.466381535539634573e-01
2.463327191908993019e-01
2.460284167656645593e-01
2.457252393038979188e-01
2.454231798912511753e-01
2.451222316727267314e-01
2.448223878520242869e-01
2.445236416908962707e-01
2.442259865085117110e-01
2.439294156808287928e-01
2.436339226399757141e-01
2.433395008736398135e-01
2.430461439244646638e-01
2.427538453894553250e-01
2.424625989193912590e-01
2.421723982182471813e-01
2.418832370426213796e-01
2.415951092011714985e-01
2.413080085540577346e-01
2.410219290123934710e-01
2.407368645377027383e-01
2.404528091413849211e-01
2.401697568841864028e-01
2.398877018756789548e-01
2.396066382737448708e-01
2.393265602840687623e-01
2.390474621596357652e-01
2.387693382002363807e-01
2.384921827519773663e-01
2.382159902067991220e-01
2.379407550019989048e-01
2.376664716197605109e-01
2.373931345866894249e-01
2.371207384733542700e-01
2.368492778938336984e-01
2.365787475052691657e-01
2.363091420074232563e-01
2.360404561422436154e-01
2.357726846934320997e-01
2.355058224860195337e-01
2.352398643859456018e-01
2.349748052996440961e-01
2.347106401736330505e-01
2.344473639941101750e-01
2.341849717865531477e-01
2.339234586153248474e-01
2.336628195832833876e-01
2.334030498313969804e-01
2.331441445383634348e-01
2.328860989202344023e-01
2.326289082300439792e-01
2.323725677574421111e-01
2.321170728283320495e-01
2.318624188045125822e-01
2.316086010833242337e-01
2.313556150972999881e-01
2.311034563138199827e-01
2.308521202347705026e-01
2.306016023962068895e-01
2.303518983680205856e-01
2.301030037536101747e-01
2.298549141895560310e-01
2.296076253452992988e-01
2.293611329228242013e-01
2.291154326563443755e-01
2.288705203119927589e-01
2.286263916875151680e-01
2.283830426119675960e-01
2.281404689454166745e-01
2.278986665786440213e-01
2.276576314328538908e-01
2.274173594593840719e-01
2.271778466394203944e-01
2.269390889837143432e-01
2.267010825323038936e-01
2.264638233542379253e-01
2.262273075473031914e-01
2.259915312377550611e-01
2.257564905800508726e-01
2.255221817565865317e-01
2.252886009774360820e-01
2.250557444800942719e-01
2.248236085292219522e-01
2.245921894163944443e-01
2.243614834598527119e-01
2.241314870042573348e-01
2.239021964204451765e-01
2.236736081051890479e-01
2.234457184809597596e-01
2.232185239956909484e-01
2.229920211225466242e-01
2.227662063596911046e-01
2.225410762300617518e-01
2.223166272811440414e-01
2.220928560847491573e-01
2.218697592367941118e-01
2.216473333570842530e-01
2.214255750890981034e-01
2.212044810997746691e-01
2.209840480793031359e-01
2.207642727409144801e-01
2.205451518206758832e-01
2.203266820772871171e-01
2.201088602918790660e-01
2.198916832678145805e-01
2.196751478304913852e-01
2.194592508271473730e-01
2.192439891266675933e-01
2.190293596193935433e-01
2.188153592169346517e-01
2.186019848519814845e-01
2.183892334781211142e-01
2.181771020696545160e-01
2.179655876214157129e-01
2.177546871485930569e-01
2.175443976865523710e-01
2.173347162906616725e-01
2.171256400361183947e-01
2.169171660177776073e-01
2.167092913499827356e-01
2.165020131663977776e-01
2.162953286198411873e-01
2.160892348821217279e-01
2.158837291438758799e-01
2.156788086144069971e-01
2.154744705215261014e-01
2.152707121113945077e-01
2.150675306483678106e-01
2.148649234148415910e-01
2.146628877110989542e-01
2.144614208551592072e-01
2.142605201826284778e-01
2.140601830465516386e-01
2.138604068172658967e-01
2.136611888822557703e-01
2.134625266460095649e-01
2.132644175298774591e-01
2.130668589719308115e-01
2.128698484268230218e-01
2.126733833656519468e-01
2.124774612758232872e-01
2.122820796609158622e-01
2.120872360405479384e-01
2.118929279502448915e-01
2.116991529413083661e-01
2.115059085806867134e-01
2.113131924508465376e-01
2.111210021496457978e-01
2.109293352902079921e-01
2.107381895007976735e-01
2.105475624246971600e-01
2.103574517200845762e-01
2.101678550599128115e-01
2.099787701317901989e-01
2.097901946378618043e-01
2.096021262946922148e-01
2.094145628331495201e-01
2.092275019982900996e-01
2.090409415492449630e-01
2.088548792591069514e-01
2.086693129148189940e-01
2.084842403170636960e-01
2.082996592801537872e-01
2.081155676319236536e-01
2.079319632136220897e-01
2.077488438798059112e-01
2.075662074982346228e-01
2.073840519497662516e-01
2.072023751282539850e-01
2.070211749404438917e-01
2.068404493058736415e-01
2.066601961567722801e-01
2.064804134379606138e-01
2.063010991067530664e-01
2.061222511328600626e-01
2.059438674982914386e-01
2.057659461972609349e-01
2.055884852360913007e-01
2.054114826331207011e-01
2.052349364186095426e-01
2.050588446346485461e-01
2.048832053350674864e-01
2.047080165853448486e-01
2.045332764625184818e-01
2.043589830550966990e-01
2.041851344629706522e-01
2.040117287973272631e-01
2.038387641805629868e-01
2.036662387461985191e-01
2.034941506387941412e-01
2.033224980138658988e-01
2.031512790378025846e-01
2.029804918877835540e-01
2.028101347516970687e-01
2.026402058280596385e-01
2.024707033259359745e-01
2.023016254648597467e-01
2.021329704747550082e-01
2.019647365958583685e-01
2.017969220786418882e-01
2.016295251837366409e-01
2.014625441818569673e-01
2.012959773537255359e-01
2.011298229899989298e-01
2.009640793911939283e-01
2.007987448676146203e-01
2.006338177392799349e-01
2.004692963358520319e-01
2.003051789965651641e-01
2.001414640701553449e-01
1.999781499147905151e-01
1.998152348980014592e-01
1.996527173966131663e-01
1.994905957966769949e-01
1.993288684934033106e-01
1.991675338910947335e-01
1.990065904030801081e-01
1.988460364516489443e-01
1.986858704679863030e-01
1.985260908921086531e-01
1.983666961727998668e-01
1.982076847675481035e-01
1.980490551424829437e-01
1.978908057723134939e-01
1.977329351402665469e-01
1.975754417380256589e-01
1.974183240656705307e-01
1.972615806316171116e-01
1.971052099525581192e-01
1.969492105534039472e-01
1.967935809672243519e-01
1.966383197351905532e-01
1.964834254065176700e-01
1.963288965384078488e-01
1.961747316959937815e-01
1.960209294522828605e-01
1.958674883881015294e-01
1.957144070920404100e-01
1.955616841603997902e-01
1.954093181971354454e-01
1.952573078138050977e-01
1.951056516295153476e-01
1.949543482708688824e-01
1.948033963719122963e-01
1.946527945740842425e-01
1.945025415261641411e-01
1.943526358842212753e-01
1.942030763115642489e-01
1.940538614786908866e-01
1.939049900632387191e-01
1.937564607499356606e-01
1.936082722305512704e-01
1.934604232038482641e-01
1.933129123755346623e-01
1.931657384582160519e-01
1.930189001713485120e-01
1.928723962411917625e-01
1.927262254007627851e-01
1.925803863897897206e-01
1.924348779546664057e-01
1.922896988484069092e-01
1.921448478306008179e-01
1.920003236673686053e-01
1.918561251313175287e-01
1.917122510014979131e-01
1.915687000633596038e-01
1.914254711087090277e-01
1.912825629356663948e-01
1.911399743486233982e-01
1.909977041582011648e-01
1.908557511812085938e-01
1.907141142406010292e-01
1.905727921654392920e-01
1.904317837908489908e-01
1.902910879579802206e-01
1.901507035139675672e-01
1.900106293118903333e-01
1.898708642107333755e-01
1.897314070753478299e-01
1.895922567764126154e-01
1.894534121903959090e-01
1.893148721995170092e-01
1.891766356917086167e-01
1.890387015605793364e-01
1.889010687053764292e-01
1.887637360309489809e-01
1.886267024477112642e-01
1.884899668716064347e-01
1.883535282240705322e-01
1.882173854319967032e-01
1.880815374276998408e-01
1.879459831488813348e-01
1.878107215385941553e-01
1.876757515452083802e-01
1.875410721223766675e-01
1.874066822290003931e-01
1.872725808291956784e-01
1.871387668922598890e-01
1.870052393926384671e-01
1.868719973098917631e-01
1.867390396286623955e-01
1.866063653386427768e-01
1.864739734345426947e-01
1.863418629160575601e-01
1.862100327878364048e-01
1.860784820594506839e-01
1.859472097453627182e-01
1.858162148648948575e-01
1.856854964421987553e-01
1.855550535062246986e-01
1.854248850906913548e-01
1.852949902340557120e-01
1.851653679794833807e-01
1.850360173748187564e-01
1.849069374725557935e-01
1.847781273298087501e-01
1.846495860082834617e-01
1.845213125742484195e-01
1.843933060985063488e-01
1.842655656563660371e-01
1.841380903276141068e-01
1.840108791964872870e-01
1.838839313516448248e-01
1.837572458861409241e-01
1.836308218973976281e-01
1.835046584871777853e-01
1.833787547615582936e-01
1.832531098309033712e-01
1.831277228098383003e-01
1.830025928172231697e-01
1.828777189761267574e-01
1.827531004138009674e-01
1.826287362616549892e-01
1.825046256552298463e-01
1.823807677341734435e-01
1.822571616422152263e-01
1.821338065271414230e-01
1.820107015407703699e-01
1.818878458389280584e-01
1.817652385814236826e-01
1.816428789320257142e-01
1.815207660584377547e-01
1.813988991322748323e-01
1.812772773290398931e-01
1.811558998281001531e-01
1.810347658126640891e-01
1.809138744697581791e-01
1.807932249902040600e-01
1.806728165685957122e-01
1.805526484032770329e-01
1.804327196963192159e-01
1.803130296534986576e-01
1.801935774842747806e-01
1.800743624017681344e-01
1.799553836227386072e-01
1.798366403675638325e-01
1.797181318602177891e-01
1.795998573282493183e-01
1.794818160027611964e-01
1.793640071183889850e-01
1.792464299132802696e-01
1.791290836290739263e-01
1.790119675108796382e-01
1.788950808072573284e-01
1.787784227701972040e-01
1.786619926550993276e-01
1.785457897207539391e-01
1.784298132293214434e-01
1.783140624463127877e-01
1.781985366405699489e-01
1.780832350842465883e-01
1.779681570527885948e-01
1.778533018249152386e-01
1.777386686825999373e-01
1.776242569110515201e-01
1.775100657986954933e-01
1.773960946371555547e-01
1.772823427212348313e-01
1.771688093488979765e-01
1.770554938212525742e-01
1.769423954425313472e-01
1.768295135200740609e-01
1.767168473643098148e-01
1.766043962887392793e-01
1.764921596099170709e-01
1.763801366474344601e-01
1.762683267239019413e-01
1.761567291649320521e-01
1.760453432991223033e-01
1.759341684580381648e-01
1.758232039761962739e-01
1.757124491910476705e-01
1.756019034429612269e-01
1.754915660752071060e-01
1.753814364339403298e-01
1.752715138681846807e-01
1.751617977298162432e-01
1.750522873735477214e-01
1.749429821569121746e-01
1.748338814402473906e-01
1.747249845866800377e-01
1.746162909621101766e-01
1.745077999351955789e-01
1.743995108773365443e-01
1.742914231626604138e-01
1.741835361680064975e-01
1.740758492729108653e-01
1.739683618595914971e-01
1.738610733129332953e-01
1.737539830204733737e-01
1.736470903723863202e-01
1.735403947614696518e-01
1.734338955831292162e-01
1.733275922353649801e-01
1.732214841187566523e-01
1.731155706364494173e-01
1.730098511941399464e-01
1.729043252000623532e-01
1.727989920649742051e-01
1.726938512021428951e-01
1.725889020273316810e-01
1.724841439587861958e-01
1.723795764172209033e-01
1.722751988258055533e-01
1.721710106101519422e-01
1.720670111983005068e-01
1.719632000207072520e-01
1.718595765102305661e-01
1.717561401021182321e-01
1.716528902339945761e-01
1.715498263458474226e-01
1.714469478800156321e-01
1.713442542811761393e-01
1.712417449963315741e-01
1.711394194747976327e-01
1.710372771681906989e-01
1.709353175304154926e-01
1.708335400176528296e-01
1.707319440883473816e-01
1.706305292031956300e-01
1.705292948251338481e-01
1.704282404193261102e-01
1.703273654531523851e-01
1.702266693961969057e-01
1.701261517202362628e-01
1.700258118992279410e-01
1.699256494092985792e-01
1.698256637287327009e-01
1.697258543379610574e-01
1.696262207195494698e-01
1.695267623581874494e-01
1.694274787406771510e-01
1.693283693559220759e-01
1.692294336949160816e-01
1.691306712507324728e-01
1.690320815185130665e-01
1.689336639954572561e-01
1.688354181808113252e-01
1.687373435758577345e-01
1.686394396839045740e-01
1.685417060102747666e-01
1.684441420622958541e-01
1.683467473492893107e-01
1.682495213825603575e-01
1.681524636753876090e-01
1.680555737430128038e-01
1.679588511026306741e-01
1.678622952733788420e-01
1.677659057763277450e-01
1.676696821344706712e-01
1.675736238727139338e-01
1.674777305178668518e-01
1.673820015986320631e-01
1.672864366455958374e-01
1.671910351912182791e-01
1.670957967698238344e-01
1.670007209175916885e-01
1.669058071725463277e-01
1.668110550745480203e-01
1.667164641652835455e-01
1.666220339882568402e-01
1.665277640887797006e-01
1.664336540139627063e-01
1.663397033127059499e-01
1.662459115356900441e-01
1.661522782353670458e-01
1.660588029659515186e-01
1.659654852834116234e-01
1.658723247454602368e-01
1.657793209115461242e-01
1.656864733428452530e-01
1.655937816022520492e-01
1.655012452543707657e-01
1.654088638655069055e-01
1.653166370036587007e-01
1.652245642385085089e-01
1.651326451414145691e-01
1.650408792854024531e-01
1.649492662451569058e-01
1.648578055970133516e-01
1.647664969189498729e-01
1.646753397905788563e-01
1.645843337931389982e-01
1.644934785094871454e-01
1.644027735240903842e-01
1.643122184230177973e-01
1.642218127939328587e-01
1.641315562260853012e-01
1.640414483103034005e-01
1.639514886389861203e-01
1.638616768060953965e-01
1.637720124071485317e-01
1.636824950392102851e-01
1.635931243008856006e-01
1.635038997923118076e-01
1.634148211151511543e-01
1.633258878725834251e-01
1.632370996692984189e-01
1.631484561114886489e-01
1.630599568068419047e-01
1.629716013645340356e-01
1.628833893952217615e-01
1.627953205110353185e-01
1.627073943255713528e-01
1.626196104538858433e-01
1.625319685124870517e-01
1.624444681193283335e-01
1.623571088938013385e-01
1.622698904567288769e-01
1.621828124303580920e-01
1.620958744383536876e-01
1.620090761057908502e-01
1.619224170591487544e-01
1.618358969263035407e-01
1.617495153365217653e-01
1.616632719204537105e-01
1.615771663101266964e-01
1.614911981389385298e-01
1.614053670416509545e-01
1.613196726543831006e-01
1.612341146146049897e-01
1.611486925611312071e-01
1.610634061341143231e-01
1.609782549750387037e-01
1.608932387267140440e-01
1.608083570332691226e-01
1.607236095401456122e-01
1.606389958940916962e-01
1.605545157431561010e-01
1.604701687366817398e-01
1.603859545252997176e-01
1.603018727609232807e-01
1.602179230967416268e-01
1.601341051872140764e-01
1.600504186880639390e-01
1.599668632562727122e-01
1.598834385500740862e-01
1.598001442289480878e-01
1.597169799536152790e-01
1.596339453860309010e-01
1.595510401893791563e-01
1.594682640280674357e-01
1.593856165677205727e-01
1.593030974751753204e-01
1.592207064184744947e-01
1.591384430668615624e-01
1.590563070907749788e-01
1.589742981618425810e-01
1.588924159528761759e-01
1.588106601378660721e-01
1.587290303919755008e-01
1.586475263915352873e-01
1.585661478140384661e-01
1.584848943381348962e-01
1.584037656436259323e-01
1.583227614114590953e-01
1.582418813237229105e-01
1.581611250636414945e-01
1.580804923155695041e-01
1.579999827649869182e-01
1.579195960984937641e-01
1.578393320038051495e-01
1.577591901697461274e-01
1.576791702862465616e-01
1.575992720443361306e-01
1.575194951361393869e-01
1.574398392548706227e-01
1.573603040948290677e-01
1.572808893513938655e-01
1.572015947210191611e-01
1.571224199012293543e-01
1.570433645906141040e-01
1.569644284888236374e-01
1.568856112965637539e-01
1.568069127155913844e-01
1.567283324487095397e-01
1.566498701997627307e-01
1.565715256736323335e-01
1.564932985762318152e-01
